2 0.49765625 0.58046875 0.1953125 0.3734375
2 0.3203125 0.6328125 0.20625 0.40625
2 0.396875 0.56796875 0.1421875 0.26875
2 0.6875 0.5046875 0.1453125 0.290625
2 0.1375 0.7265625 0.275 0.546875
2 0.625 0.57578125 0.234375 0.4671875
2 0.23515625 0.628125 0.15625 0.325
2 0.18828125 0.640625 0.171875 0.3515625
2 0.80078125 0.53671875 0.3984375 0.8140625
1 0.79375 0.196875 0.165625 0.1296875
2 0.5484375 0.51640625 0.090625 0.215625
0 0.5375 0.47578125 0.0578125 0.071875
1 0.53671875 0.43203125 0.0375 0.034375
1 0.57578125 0.36796875 0.071875 0.05625
0 0.0796875 0.6375 0.15 0.175
1 0.00703125 0.54453125 0.0140625 0.0296875
1 0.03671875 0.4984375 0.0734375 0.0625
1 0.08203125 0.50625 0.05625 0.053125
0 0.13515625 0.60234375 0.059375 0.109375
0 0.16171875 0.58203125 0.1078125 0.11875
1 0.1390625 0.490625 0.05625 0.04375
0 0.23515625 0.5671875 0.075 0.1109375
1 0.2015625 0.525 0.0359375 0.028125
1 0.22421875 0.49140625 0.0421875 0.034375
1 0.26796875 0.45625 0.065625 0.0484375
0 0.390625 0.528125 0.0890625 0.109375
1 0.3640625 0.4515625 0.0515625 0.0390625
1 0.4671875 0.421875 0.0578125 0.0484375
0 0.67265625 0.4578125 0.1015625 0.109375
1 0.65078125 0.3859375 0.0484375 0.04375
0 0.8625 0.5046875 0.275 0.465625
0 0.61484375 0.4953125 0.146875 0.1609375
0 0.48046875 0.52109375 0.1109375 0.1234375
0 0.30625 0.56484375 0.1484375 0.15625