2 0.478125 0.57734375 0.11171875 0.3578125
2 0.29375 0.58515625 0.115625 0.3890625
2 0.38359375 0.540625 0.0828125 0.25703125
2 0.68046875 0.55 0.0796875 0.27890625
2 0.0734375 0.675 0.146875 0.62265625
2 0.603125 0.60390625 0.13046875 0.4484375
2 0.21171875 0.56015625 0.08203125 0.31484375
2 0.16328125 0.5609375 0.09296875 0.3390625
2 0.83125 0.62109375 0.32265625 0.7578125
1 0.85859375 0.27734375 0.14609375 0.09765625
2 0.54296875 0.52734375 0.04140625 0.21171875
0 0.5421875 0.4859375 0.04375 0.0625
1 0.55234375 0.44296875 0.03125 0.028125
1 0.60546875 0.38984375 0.0640625 0.04140625
0 0.05859375 0.53203125 0.1171875 0.1515625
1 0.0078125 0.42421875 0.015625 0.0265625
1 0.04921875 0.38671875 0.06640625 0.0484375
1 0.09296875 0.4046875 0.046875 0.04296875
0 0.12109375 0.5109375 0.03515625 0.10390625
0 0.1515625 0.49765625 0.08671875 0.10078125
1 0.15234375 0.40390625 0.05 0.0328125
0 0.2265625 0.50078125 0.05234375 0.10078125
1 0.2046875 0.45234375 0.03125 0.02109375
1 0.234375 0.425 0.03671875 0.02578125
1 0.28515625 0.4015625 0.05859375 0.03515625
0 0.38671875 0.50078125 0.06796875 0.0953125
1 0.3796875 0.4203125 0.046875 0.028125
1 0.48671875 0.41640625 0.05 0.03671875
0 0.678125 0.50078125 0.08125 0.0921875
1 0.67421875 0.42578125 0.04140625 0.034375
0 0.87578125 0.59921875 0.22890625 0.4234375
0 0.6125 0.5234375 0.11640625 0.1375
0 0.47578125 0.515625 0.08828125 0.10546875
0 0.29609375 0.515625 0.12109375 0.13046875