2 0.4921875 0.5796875 0.171875 0.371875
2 0.31171875 0.61953125 0.18125 0.403125
2 0.3921875 0.56015625 0.1265625 0.2671875
2 0.68671875 0.51796875 0.1265625 0.2890625
2 0.11796875 0.71328125 0.2359375 0.5734375
2 0.61953125 0.584375 0.20625 0.4640625
2 0.2265625 0.609375 0.1359375 0.325
2 0.17890625 0.61875 0.15 0.35
2 0.8109375 0.56171875 0.378125 0.8015625
1 0.81484375 0.21875 0.1609375 0.121875
2 0.546875 0.51953125 0.078125 0.215625
0 0.5390625 0.47890625 0.0546875 0.06875
1 0.54140625 0.434375 0.0359375 0.0328125
1 0.584375 0.3734375 0.0703125 0.0515625
0 0.07109375 0.6078125 0.1421875 0.1703125
1 0.00625 0.5109375 0.0125 0.028125
1 0.03671875 0.46640625 0.0734375 0.059375
1 0.0828125 0.4765625 0.053125 0.05
0 0.12890625 0.5765625 0.053125 0.1078125
0 0.15625 0.5578125 0.103125 0.1140625
1 0.140625 0.465625 0.0546875 0.040625
0 0.23046875 0.5484375 0.06875 0.1078125
1 0.20078125 0.5046875 0.034375 0.0265625
1 0.225 0.471875 0.040625 0.03125
1 0.27109375 0.440625 0.0640625 0.0453125
0 0.38828125 0.5203125 0.0828125 0.10625
1 0.36796875 0.4421875 0.0515625 0.0359375
1 0.47265625 0.4203125 0.05625 0.0453125
0 0.67578125 0.46953125 0.0953125 0.1046875
1 0.65859375 0.396875 0.046875 0.040625
0 0.86875 0.5328125 0.2625 0.45625
0 0.61484375 0.50390625 0.1390625 0.15625
0 0.47890625 0.51953125 0.1046875 0.11875
0 0.3015625 0.55078125 0.1421875 0.15