2 0.33203125 0.38828125 0.13828125 0.3546875
2 0.5421875 0.4828125 0.11171875 0.384375
2 0.4234375 0.5296875 0.1515625 0.2578125
2 0.6640625 0.47421875 0.13359375 0.2703125
2 0.775 0.63671875 0.1953125 0.2234375
2 0.18984375 0.52109375 0.17265625 0.2890625
1 0.34296875 0.24140625 0.06953125 0.0625
1 0.27109375 0.40234375 0.059375 0.06640625
1 0.4125 0.421875 0.05859375 0.0453125
1 0.47734375 0.39453125 0.0484375 0.05546875
0 0.54296875 0.43046875 0.10234375 0.15625
1 0.56484375 0.315625 0.05859375 0.05703125
1 0.6703125 0.36328125 0.05703125 0.0484375
0 0.734375 0.6671875 0.09375 0.16015625
1 0.7640625 0.5625 0.07421875 0.059375
0 0.1640625 0.46015625 0.109375 0.1390625