2 0.346875 0.36875 0.18125 0.36875
2 0.54375 0.48828125 0.1578125 0.3953125
2 0.4203125 0.5203125 0.18125 0.275
2 0.665625 0.49453125 0.165625 0.284375
2 0.75625 0.66953125 0.2203125 0.2453125
2 0.18984375 0.4828125 0.20625 0.3078125
1 0.37578125 0.22421875 0.0765625 0.0703125
1 0.284375 0.375 0.0671875 0.0734375
1 0.42265625 0.41171875 0.0640625 0.0515625
1 0.490625 0.3921875 0.0546875 0.0609375
0 0.55078125 0.4359375 0.1203125 0.1671875
1 0.58671875 0.325 0.065625 0.0640625
1 0.6859375 0.38515625 0.0625 0.0546875
0 0.7125 0.69453125 0.1125 0.1703125
1 0.7546875 0.59453125 0.08125 0.06875
0 0.17109375 0.41953125 0.125 0.1515625