2 0.3140625 0.42265625 0.203125 0.375
2 0.53828125 0.475 0.1828125 0.3984375
2 0.43046875 0.54375 0.1984375 0.28125
2 0.65625 0.44375 0.1828125 0.290625
2 0.79609375 0.58203125 0.234375 0.25625
2 0.19921875 0.5796875 0.225 0.3171875
1 0.296875 0.27578125 0.0796875 0.075
1 0.25703125 0.44765625 0.0703125 0.0765625
1 0.39921875 0.43984375 0.065625 0.05625
1 0.4578125 0.40078125 0.0578125 0.0640625
0 0.52890625 0.4234375 0.1296875 0.1734375
1 0.528125 0.30625 0.06875 0.0671875
1 0.64140625 0.33359375 0.065625 0.0578125
0 0.76171875 0.61953125 0.121875 0.175
1 0.77109375 0.5109375 0.084375 0.071875
0 0.1625 0.525 0.134375 0.1578125