2 0.1671875 0.665625 0.18125 0.66875
2 0.2734375 0.70703125 0.140625 0.5859375
2 0.34765625 0.54609375 0.10625 0.19765625
2 0.82265625 0.67421875 0.2640625 0.6515625
1 0.7390625 0.3875 0.140625 0.10234375
0 0.83828125 0.71796875 0.24140625 0.4703125
1 0.18359375 0.35078125 0.1578125 0.121875
1 0.27265625 0.4328125 0.08515625 0.05234375
1 0.3546875 0.46484375 0.05859375 0.05546875
0 0.1515625 0.73046875 0.178125 0.5390625
0 0.25234375 0.70625 0.109375 0.36328125
0 0.33046875 0.578125 0.0953125 0.09921875