2 0.6036931812499999 0.36647727343750003 0.5568181812499999 0.34090909062499997 0.5255681812499999 0.35653409062499997 0.497159090625 0.40482954531250004 0.5028409093749999 0.48295454531250004 0.5383522734375 0.5269886359375 0.5539772734375 0.5511363640625 0.5894886359375 0.5596590906250001 0.6150568187500001 0.5710227265625 0.5880681812499999 0.5951704546875 0.59375 0.6661931812499999 0.5894886359375 0.7073863640625 0.6576704546875 0.7357954546875 0.6534090906250001 0.7940340906250001 0.6122159093749999 0.7542613640625 0.46164772656249997 0.8664772734374999 0.5028409093749999 0.9090909093749999 0.6264204546875 0.8309659093749999 0.6690340906250001 0.8522727265625001 0.6633522734375 0.99005681875 0.8011363640625 0.9957386359375 0.80255681875 0.8764204546875 0.7642045453125 0.7769886359375 0.7627840906250001 0.7102272734375 0.7627840906250001 0.6107954546875 0.7840909093749999 0.49289772656249997 0.7982954546875 0.38920454531250004 0.7485795453125 0.36789772656249997 0.6477272734375 0.42329545468749996 0.6136363640625 0.3948863640625 0.6036931812499999 0.36647727343750003
2 0.48863636406250005 0.7017045453125 0.5213068187500001 0.6548295453125 0.5284090906250001 0.6988636359375 0.5681818187500001 1 0.6051136359375 0.9957386359375 0.6193181812499999 0.9417613640625 0.6107954546875 0.86505681875 0.59375 0.7755681812499999 0.5852272734375 0.6988636359375 0.546875 0.6164772734375 0.5340909093749999 0.5440340906250001 0.5298295453125 0.5113636359375 0.5028409093749999 0.450284090625 0.5056818187500001 0.37357954531250004 0.5553977265625 0.33380681874999996 0.5326704546875 0.32102272656249997 0.49431818125 0.32954545468749996 0.49147727343750003 0.46164772656249997 0.515625 0.5056818187500001 0.455965909375 0.6917613640625 0.48863636406250005 0.7017045453125
2 0.80681818125 0.39346590937500003 0.7727272734375 0.625 0.6377840906250001 0.6107954546875 0.7045454546875 0.7002840906250001 0.7684659093749999 0.703125 0.81818181875 0.99431818125 0.9090909093749999 0.9957386359375 0.9232954546875 0.6704545453125 0.9502840906250001 0.5667613640625 0.953125 0.49857954531250004 0.92755681875 0.41051136406250005 0.9403409093749999 0.35795454531250004 0.9502840906250001 0.29119318125000004 0.91619318125 0.234375 0.86931818125 0.2116477265625 0.8607954546875 0.1491477265625 0.8480113640625 0.09943181875 0.83380681875 0.0397727265625 0.7855113640625 0.007102273437499999 0.7713068187500001 0.0113636359375 0.7215909093749999 0.080965909375 0.7713068187500001 0.28835227343750003 0.8110795453125 0.29829545468749996 0.80681818125 0.39346590937500003
2 0.7798295453125 0.5298295453125 0.84375 0.6207386359375 0.8991477265625001 0.609375 0.92755681875 0.6605113640625 0.93181818125 0.9914772734374999 0.9985795453125 1 0.9985795453125 0.012784090625 0.8323863640625 0.009943181249999999 0.953125 0.2485795453125 0.9460227265625001 0.5667613640625 0.8196022734374999 0.5 0.7798295453125 0.5298295453125
1 0.7765625 0.08203125 0.14609375 0.153125
1 0.89765625 0.0546875 0.1109375 0.109375
1 0.55390625 0.43359375 0.121875 0.1859375
1 0.5113636359375 0.3707386359375 0.5454545453125 0.33806818125000004 0.5497159093749999 0.32954545468749996 0.49431818125 0.33380681874999996 0.47585227343750003 0.38494318125000004 0.49147727343750003 0.421875 0.5113636359375 0.3707386359375
0 0.5539772734375 0.8039772734374999 0.5880681812499999 0.7784090906250001 0.5823863640625 0.7017045453125 0.5596590906250001 0.6448863640625 0.5454545453125 0.5539772734375 0.5213068187500001 0.5056818187500001 0.5 0.5241477265625 0.5113636359375 0.6221590906250001 0.53125 0.6676136359375 0.5369318187500001 0.6931818187500001 0.5539772734375 0.8039772734374999
0 0.5894886359375 0.6363636359375 0.6221590906250001 0.7073863640625 0.6605113640625 0.7997159093749999 0.7670454546875 0.8465909093749999 0.7670454546875 0.7741477265625 0.7713068187500001 0.7116477265625 0.7670454546875 0.6079545453125 0.7869318187500001 0.484375 0.7329545453125 0.37215909062499997 0.6548295453125 0.41761363593749995 0.7144886359375 0.6051136359375 0.5951704546875 0.5610795453125 0.5894886359375 0.6363636359375
0 0.9176136359375 0.6448863640625 0.9502840906250001 0.5596590906250001 0.9346590906250001 0.44176136406250005 0.9375 0.37357954531250004 0.9488636359375 0.29119318125000004 0.91193181875 0.237215909375 0.88068181875 0.2301136359375 0.80255681875 0.34090909062499997 0.7613636359375 0.6576704546875 0.7954545453125 0.8664772734374999 0.9190340906250001 0.8323863640625 0.9176136359375 0.6448863640625
0 0.90625 0.7457386359375 0.9971590906250001 0.7727272734375 0.9971590906250001 0.6605113640625 0.9971590906250001 0.2926136359375 0.96306818125 0.26704545468749996 0.95880681875 0.27272727343750003 0.9303977265625001 0.421875 0.9616477265625001 0.5426136359375 0.93181818125 0.6477272734375 0.90625 0.7457386359375