2 0.686374375 1 0.7025052374999999 0.938434278125 0.6893469249999999 0.8326777546875 0.7041197 0.76755585 0.728174434375 0.6710775812499999 0.777370390625 0.5618365062499999 0.8162386515625 0.4646598453125 0.773154103125 0.4319585640625 0.6618956515625001 0.46131236875 0.63569016875 0.4254998125 0.632915121875 0.3955291203125 0.5936180125 0.3593803328125 0.5595162421875 0.36698114375 0.5202672953125 0.4069692359375 0.506880190625 0.48414814687499996 0.5306839046875 0.5354652125 0.5400029109375 0.5626756796875 0.5723976000000001 0.579536221875 0.5944571875 0.5967478125000001 0.5624283625000001 0.61364910625 0.5507594546875 0.6839367109375 0.5366591390625 0.7228753625000001 0.595942884375 0.7669352578125 0.5777189 0.8224130390625 0.5473712265625 0.7738562 0.3741280765625 0.8463130781249999 0.4037884734375 0.8976264390625 0.5425973265625 0.8517186828125001 0.5787905703125 0.88270176875 0.54435373125 1 0.686374375 1
2 0.4855947453125 1 0.508902175 0.95750484375 0.51918911875 0.8810169171875 0.524299246875 0.79006280625 0.5345861921874999 0.7135748796875 0.517304209375 0.6243574890625 0.522425453125 0.550973428125 0.5261943687499999 0.5182425078125 0.5147838890624999 0.45244814375000003 0.5360969203125 0.37870932968750004 0.593957946875 0.35214538906250004 0.5749985234375 0.3342428140625 0.5357236421875 0.3332341265625 0.5010086890625 0.46072511875 0.5137863140625 0.5092930734375 0.4108826375 0.6754124218750001 0.4401771671875 0.6929639453124999 0.4832172578125 0.6553850328124999 0.4794557515625 0.6998293171875 0.44538203125000003 1 0.4855947453125 1
2 0.8007012437500001 1 0.869485084375 0.76779575625 0.92075769375 0.6737118468750001 0.9400088906249999 0.6082425984375 0.9365058140625001 0.516604915625 0.9616248078125 0.468702009375 0.9874236703125 0.40632921718750004 0.96809096875 0.342951440625 0.92810658125 0.3095591765625 0.934957134375 0.24685385937499998 0.934580153125 0.195521975 0.9352303843750001 0.134198621875 0.8962732093750001 0.0908148921875 0.8814596828125 0.091513284375 0.816382234375 0.14702070625000002 0.8144500656250001 0.360274175 0.8506359 0.3795438953125 0.8234772984375001 0.4708564625 0.7343858703125 0.6872656640625 0.6068874671875 0.6408373453125 0.6500164734375 0.7438188218749999 0.7113509390625 0.7620391015625 0.6934117343749999 1 0.8007012437500001 1
2 1 0.36746009375 0.9166229093749999 0.6726809296875 0.8101087203124999 0.5773187875 0.7643009921874999 0.596640375 0.8043298359375 0.700312834375 0.8608311265624999 0.7026886703125 0.8760253406249999 0.759178846875 0.8192647984375 1 0.8891788734375 1 1 0.5555207390625 1 0.36746009375
1 0.86953125 0.16171875 0.178125 0.184375
1 0.96328125 0.16328125 0.0734375 0.1328125
1 0.56875 0.4484375 0.1625 0.209375
1 0.5044043281249999 0.382518996875 0.5106305828125 0.4221338125 0.5422972421875001 0.3773273625 0.583279203125 0.35387469843749997 0.589475821875 0.34663605 0.534692725 0.33736890937499997 0.5044043281249999 0.382518996875
0 0.5310460671875 0.5633703671875 0.5192993593749999 0.5106676296875 0.4941581359375 0.5234304359374999 0.48147312812500004 0.62127955625 0.4897723328125 0.670194853125 0.48909987343749994 0.696378109375 0.478835159375 0.808006134375 0.518098925 0.791444771875 0.531142390625 0.7156441234375001 0.5228357765625 0.655015459375 0.5310460671875 0.5633703671875
0 0.6927907249999999 0.830608509375 0.712045628125 0.77099594375 0.7329964953125 0.6693519765625 0.782188746875 0.5542542187499999 0.7569623156249999 0.4323133171875 0.6701615109375 0.45751752031250004 0.6826881171875 0.653880809375 0.57756700625 0.5822890390625 0.5538410921875 0.6539623140625 0.5683591406249999 0.7307790609375 0.58323565 0.8296442796875001 0.675265134375 0.9008998203124999 0.6927907249999999 0.830608509375
0 0.9860454093750001 0.40598557812499997 0.9632689078125001 0.344677046875 0.9346653625 0.33022568125 0.8320571625 0.4188298890625 0.715456084375 0.7162165546875 0.69801940625 0.9270682562499999 0.8261754484375 0.923886590625 0.8701575421875001 0.7416125015625 0.9224758890625001 0.6668205421875 0.935837059375 0.5486448515625 0.95508825625 0.483175603125 0.9860454093750001 0.40598557812499997
0 1 0.3908213578125 0.9365132234375 0.5283182796875 0.9376256453125 0.653030521875 0.8832528734375 0.747805415625 0.8347330828124999 0.8367199187500001 0.9164126421875001 0.8848997781250001 0.9435601281249999 0.7760171609375 1 0.5496491984375 1 0.3908213578125