2 0.4992348796875 0.482736371875 0.5431254375 0.5184249828125 0.5634295890625001 0.53879640625 0.5999369171875 0.5397496625 0.62730900625 0.5455490515625 0.6059307296875 0.574780346875 0.6262548421874999 0.643069740625 0.63065114375 0.684248740625 0.703249609375 0.6978612281250001 0.711189859375 0.755713196875 0.6626276328125 0.7253741437500001 0.5386807250000001 0.8664427515625001 0.5878336109375 0.8995606328125 0.6924695468750001 0.7974492203125 0.7385819078125 0.8094305593750001 0.7616711765625 0.9453850546875 0.8976256703125 0.9222957859375001 0.8742074390625 0.805289665625 0.8160202171875 0.7160045562499999 0.8007503359375001 0.6509974187500001 0.7800772984375001 0.5537384234375 0.7764061953125 0.43398710625000003 0.7687413125 0.32960657968749996 0.7156818781250001 0.319101884375 0.62855130625 0.39425740625 0.5892987828125 0.3735570203125 0.5736663 0.347836040625 0.5224997078125 0.33257244531249996 0.495181215625 0.354353240625 0.477434121875 0.40749990625 0.4992348796875 0.482736371875
2 0.705886509375 0.9630512031249999 0.7085581453125 0.9073001734374999 0.6842738890625 0.8340437812499999 0.648995184375 0.750054634375 0.6247109281250001 0.6767982421875 0.57006765625 0.6041861046875 0.54250114375 0.5359839421875 0.53154033125 0.5049134015625001 0.492442309375 0.45077984375 0.4792733671875 0.37516081875 0.5196336484375 0.325920703125 0.494745059375 0.31814124062500004 0.45900284999999996 0.3344516125 0.48368962968749996 0.46425779062499994 0.5164648734374999 0.5023090375 0.49679758906249993 0.6967261203125 0.5308214203125 0.69965945 0.5530320859375 0.6470162109375 0.569134359375 0.68861140625 0.670647728125 0.974898003125 0.705886509375 0.9630512031249999
2 0.648815109375 0 0.6296265296875 0.04405146875 0.7213740765625001 0.23656942500000003 0.762344978125 0.23802610937500002 0.777963784375 0.3320028484375 0.7927564890625 0.5655652609375 0.6578088484375 0.579727384375 0.74171705 0.6533800109375 0.8048313468750001 0.6428690296874999 0.9140033109375001 0.9173624234375 1 0.900483021875 1 0.88060109375 0.9494849265624999 0.57872163125 0.9543247703125 0.47168314218749996 0.942927803125 0.40440060000000005 0.8996079421875001 0.32357284375 0.9011854937500001 0.26950655625 0.8970309234375 0.202136784375 0.85187181875 0.153648115625 0.8012958843750001 0.1411633484375 0.77996491875 0.081801096875 0.7571236734375 0.0358295640625 0.74011629375 0 0.648815109375 0
2 0.7622450093750001 0 0.8909498796875001 0.1598637 0.9501565281250001 0.47256912812499996 0.812618196875 0.43355095156249995 0.779916509375 0.4709978640625 0.8613412109375 0.5466305640625 0.9131657328125 0.523997415625 0.951585865625 0.5681097453125 1 0.7822834875 1 0.45427989062499996 0.903439828125 0 0.7622450093750001 0
1 0.6828125 0.06171875 0.175 0.1234375
1 0.7953125 0.0234375 0.13125 0.046875
1 0.5390625 0.42421875 0.1578125 0.2078125
1 0.4524583015625 0.39247804375 0.4754204140625 0.42535419374999994 0.48424036406250004 0.3712006734375 0.5107937359375 0.33215624843749997 0.5131900046875 0.3229337765625 0.4598888375 0.3386198546875 0.4524583015625 0.39247804375
0 0.5556837609375 0.543347209375 0.5220225296875001 0.5011277203125 0.5050205953125 0.523620040625 0.536513615625 0.6171269890625 0.565415946875 0.6574536359375001 0.576289528125 0.681281775 0.61599816875 0.7861121343749999 0.644028184375 0.7540147796875 0.6225227578125 0.680167728125 0.588478965625 0.6293164265625 0.5556837609375 0.543347209375
0 0.8182083875 0.7126350687499999 0.80938215 0.65061485625 0.7836548828125001 0.5500736078124999 0.77741305 0.4250599640625 0.701284309375 0.3265187484375 0.634317059375 0.387223103125 0.7316558984375 0.5582219562499999 0.605789903125 0.5399577609375 0.6158846890625 0.6147780296875001 0.6626076703125 0.6774561718750001 0.719318246875 0.7597942078125001 0.8332701734375 0.78349519375 0.8182083875 0.7126350687499999
0 0.895641509375 0.2024321140625 0.8482942359375001 0.15731293125 0.816250478125 0.1568631 0.7628683656249999 0.281480509375 0.78843374375 0.599884421875 0.8651930640625001 0.7970404109375 0.9789842015625 0.7380008375 0.9386113453125 0.5548934921875001 0.952848125 0.46473607031249997 0.9130522531249999 0.35266331093750003 0.9016552843750001 0.28538077031250003 0.895641509375 0.2024321140625
0 1 0.46111190156250004 0.943176921875 0.1937803390625 0.9045150578125 0.17585878125 0.9015281328125001 0.1823024265625 0.9047494031250001 0.3340975 0.9604194890625 0.445700465625 0.9530961453125 0.5547190296875 0.9484643984375 0.6559045328125 1 0.6599920046875 1 0.46111190156250004