2 0.42265625 0.6296875 0.21484375 0.7328125
2 0.76171875 0.6140625 0.25625 0.771875
2 0.18828125 0.66171875 0.3296875 0.6765625
2 0.6015625 0.64765625 0.25390625 0.70390625
1 0.21953125 0.35625 0.12109375 0.1078125
1 0.44921875 0.2953125 0.08984375 0.096875
1 0.60625 0.35859375 0.11328125 0.0953125
1 0.746875 0.246875 0.10546875 0.0765625
0 0.1859375 0.65703125 0.25546875 0.41015625
0 0.425 0.5828125 0.184375 0.3625
0 0.6140625 0.6421875 0.20625 0.3578125
0 0.73828125 0.54140625 0.190625 0.3578125