2 0.21015625 0.45390625 0.1109375 0.125
2 0.21640625 0.4171875 0.1015625 0.184375
2 0.69453125 0.496875 0.25 0.265625
2 0.55546875 0.3921875 0.0984375 0.15
1 0.5984375 0.41640625 0.0578125 0.071875
2 0.41796875 0.471875 0.1875 0.28125
1 0.4578125 0.359375 0.078125 0.0609375
2 0.353125 0.42734375 0.0859375 0.1046875
1 0.37734375 0.39453125 0.034375 0.0375
2 0.26171875 0.38359375 0.0765625 0.1015625
1 0.24140625 0.4109375 0.0359375 0.0359375
1 0.2203125 0.34296875 0.046875 0.034375
1 0.275 0.353125 0.0375 0.040625
1 0.5171875 0.34609375 0.025 0.0390625