2 0.21796875 0.41875 0.096875 0.1125
2 0.22890625 0.38359375 0.08125 0.1765625
2 0.69375 0.5203125 0.221875 0.240625
2 0.56796875 0.4 0.08125 0.140625
1 0.6078125 0.42890625 0.05 0.065625
2 0.421875 0.46171875 0.15625 0.2640625
1 0.475 0.35546875 0.071875 0.053125
2 0.36328125 0.41015625 0.075 0.096875
1 0.39140625 0.38046875 0.0296875 0.034375
2 0.27734375 0.35546875 0.065625 0.09375
1 0.25390625 0.3796875 0.0328125 0.0328125
1 0.24140625 0.31015625 0.04375 0.0296875
1 0.29453125 0.3265625 0.0328125 0.0375
1 0.5359375 0.34921875 0.021875 0.0375