2 0.525 0.61484375 0.378125 0.7703125
2 0.32421875 0.65 0.3609375 0.7
2 0.15859375 0.6953125 0.3171875 0.609375
1 0.0234375 0.46796875 0.046875 0.0890625
1 0.24375 0.37421875 0.128125 0.115625
0 0.30625 0.634375 0.234375 0.359375
1 0.440625 0.31171875 0.115625 0.1109375
0 0.5078125 0.565625 0.2328125 0.365625
2 0.659375 0.56015625 0.371875 0.8265625
1 0.58828125 0.25078125 0.15625 0.159375
0 0.6890625 0.628125 0.278125 0.5234375
2 0.77421875 0.47109375 0.4515625 0.9421875
1 0.75625 0.10546875 0.3375 0.2109375
0 0.83828125 0.65078125 0.3234375 0.5671875