2 0.49609375 0.61953125 0.20390625 0.74765625
2 0.28671875 0.628125 0.190625 0.725
2 0.09375 0.6546875 0.1875 0.690625
1 0.03046875 0.35078125 0.0609375 0.0765625
1 0.28203125 0.31640625 0.109375 0.0921875
0 0.2796875 0.58359375 0.159375 0.33125
1 0.48828125 0.303125 0.096875 0.08984375
0 0.49140625 0.565625 0.15625 0.33828125
2 0.63984375 0.596875 0.1828125 0.80625
1 0.64609375 0.2796875 0.128125 0.13203125
0 0.65234375 0.6703125 0.16171875 0.4984375
2 0.83671875 0.50078125 0.3234375 0.9984375
1 0.8578125 0.128125 0.284375 0.25625
0 0.84296875 0.740625 0.3140625 0.50625