2 0.48125 0.6171875 0.29375 0.765625
2 0.27265625 0.6015625 0.278125 0.7421875
2 0.10625 0.60390625 0.2125 0.7078125
1 0.05234375 0.29453125 0.0703125 0.0828125
1 0.30625 0.29140625 0.1203125 0.1046875
0 0.27109375 0.55625 0.1984375 0.3484375
1 0.5125 0.303125 0.1078125 0.1015625
0 0.48359375 0.5640625 0.196875 0.3546875
2 0.62734375 0.60078125 0.2796875 0.7984375
1 0.671875 0.29921875 0.14375 0.146875
0 0.63046875 0.6875 0.221875 0.5140625
2 0.80625 0.51328125 0.3875 0.9734375
1 0.871875 0.17421875 0.25625 0.2890625
0 0.81015625 0.7546875 0.3734375 0.490625