2 0.26953125 0.33515625 0.0375 0.096875
2 0.02734375 0.3546875 0.05 0.1453125
2 0.2046875 0.309375 0.0234375 0.059375
2 0.10546875 0.34140625 0.0421875 0.1140625
2 0.653125 0.5 0.69375 1
0 0.7296875 0.6625 0.540625 0.675
1 0.8140625 0.1125 0.359375 0.225
0 0.27890625 0.31875 0.0328125 0.0296875
0 0.2109375 0.29453125 0.028125 0.0203125
1 0.28125 0.290625 0.028125 0.028125
1 0.20625 0.27734375 0.0203125 0.0125
0 0.02734375 0.33125 0.0453125 0.0625
1 0.0234375 0.2890625 0.028125 0.0328125
0 0.109375 0.32578125 0.04375 0.021875
1 0.10625 0.2875 0.028125 0.025
2 0.54765625 0.31796875 0.040625 0.078125
0 0.54375 0.3 0.034375 0.034375
1 0.55859375 0.28359375 0.0265625 0.0203125
0 0.628125 0.321875 0.028125 0.046875
2 0.6265625 0.3234375 0.028125 0.078125
1 0.62890625 0.28515625 0.0296875 0.028125