2 0.27265625 0.33125 0.0359375 0.096875
2 0.0296875 0.34609375 0.046875 0.14453125
2 0.2078125 0.30390625 0.021875 0.05859375
2 0.10859375 0.334375 0.03984375 0.11328125
2 0.6578125 0.5015625 0.684375 0.996875
0 0.73046875 0.6671875 0.5359375 0.665625
1 0.821875 0.11484375 0.35625 0.2265625
0 0.28203125 0.31484375 0.0328125 0.0296875
0 0.21484375 0.28984375 0.028125 0.01953125
1 0.28515625 0.28671875 0.02734375 0.028125
1 0.21015625 0.271875 0.01953125 0.0125
0 0.03046875 0.32265625 0.04375 0.0625
1 0.02734375 0.28046875 0.02734375 0.0328125
0 0.1125 0.31875 0.04296875 0.02109375
1 0.11015625 0.28046875 0.02734375 0.02421875
2 0.55078125 0.31875 0.03984375 0.078125
0 0.546875 0.30078125 0.034375 0.034375
1 0.5625 0.284375 0.02578125 0.01953125
0 0.63125 0.32421875 0.02734375 0.046875
2 0.6296875 0.32578125 0.02734375 0.078125
1 0.6328125 0.2875 0.0296875 0.02734375