2 0.14609375 0.5265625 0.2921875 0.93125
0 0.17890625 0.51171875 0.196875 0.4453125
2 0.72421875 0.57890625 0.2484375 0.8421875
0 0.7359375 0.51171875 0.1796875 0.25
2 0.91796875 0.65234375 0.1640625 0.6953125
0 0.91484375 0.6796875 0.16875 0.4484375
2 0.8765625 0.446875 0.0953125 0.309375
1 0.8875 0.68515625 0.1265625 0.1625
1 0.5828125 0.68125 0.1328125 0.1765625
1 0.68203125 0.67890625 0.10625 0.1625
1 0.771875 0.6875 0.1109375 0.1671875
1 0.07421875 0.1703125 0.1046875 0.1984375
1 0.81953125 0.68125 0.071875 0.153125