2 0.18515625 0.47109375 0.3703125 0.9421875
0 0.18203125 0.45546875 0.26875 0.4671875
2 0.70546875 0.59296875 0.3890625 0.8140625
0 0.73046875 0.55234375 0.21875 0.275
2 0.87109375 0.68515625 0.2578125 0.6296875
0 0.87734375 0.7484375 0.2421875 0.465625
2 0.8796875 0.5125 0.146875 0.3171875
1 0.84921875 0.75 0.1515625 0.1796875
1 0.55 0.69296875 0.159375 0.19375
1 0.6484375 0.7078125 0.13125 0.1765625
1 0.73515625 0.73203125 0.1375 0.18125
1 0.1375 0.103125 0.1375 0.20625
1 0.78359375 0.734375 0.096875 0.1609375