2 0.1390625 0.5390625 0.278125 0.921875
0 0.1796875 0.52265625 0.18125 0.4390625
2 0.72734375 0.57734375 0.21875 0.8453125
0 0.7359375 0.503125 0.17109375 0.24453125
2 0.92734375 0.64609375 0.1453125 0.7078125
0 0.92109375 0.66484375 0.15390625 0.44296875
2 0.87421875 0.43359375 0.08515625 0.30625
1 0.89375 0.671875 0.12109375 0.1578125
1 0.5890625 0.678125 0.1265625 0.171875
1 0.68828125 0.67265625 0.1 0.159375
1 0.778125 0.678125 0.10546875 0.16328125
1 0.06328125 0.18515625 0.0984375 0.19453125
1 0.82578125 0.6703125 0.0671875 0.15078125