2 0.1578125 0.62265625 0.284375 0.7546875
2 0.3609375 0.57734375 0.21484375 0.57109375
2 0.56640625 0.55234375 0.1828125 0.53359375
2 0.92265625 0.628125 0.1546875 0.728125
2 0.72265625 0.54296875 0.21484375 0.55078125
2 0.83359375 0.58515625 0.14453125 0.50859375
2 0.1875 0.6171875 0.16171875 0.7484375
1 0.0625 0.340625 0.125 0.11875
1 0.203125 0.28828125 0.10546875 0.10234375
1 0.3875 0.3390625 0.09375 0.09765625
1 0.5796875 0.3296875 0.11328125 0.10546875
1 0.69921875 0.3046875 0.11796875 0.11484375
1 0.81875 0.37890625 0.12109375 0.109375
1 0.9109375 0.29296875 0.1375 0.12109375
0 0.353125 0.6296875 0.19140625 0.33125
0 0.565625 0.625 0.16484375 0.3296875
0 0.6921875 0.6203125 0.13203125 0.325
0 0.83203125 0.6546875 0.1125 0.2984375
0 0.94140625 0.625 0.1171875 0.321875