2 0.15546875 0.61640625 0.296875 0.759375
2 0.359375 0.575 0.225 0.575
2 0.565625 0.553125 0.1921875 0.5359375
2 0.91796875 0.634375 0.1640625 0.73125
2 0.721875 0.546875 0.225 0.5546875
2 0.83203125 0.590625 0.153125 0.5109375
2 0.18515625 0.61171875 0.175 0.7515625
1 0.065625 0.3328125 0.1265625 0.1203125
1 0.20703125 0.2828125 0.1078125 0.1046875
1 0.390625 0.3375 0.0953125 0.1
1 0.5828125 0.33125 0.115625 0.1078125
1 0.70234375 0.3078125 0.1203125 0.1171875
1 0.82109375 0.384375 0.1234375 0.1109375
1 0.91484375 0.3 0.1390625 0.1234375
0 0.35078125 0.62734375 0.196875 0.334375
0 0.56328125 0.62578125 0.1703125 0.3328125
0 0.68984375 0.6234375 0.1375 0.3265625
0 0.82890625 0.66015625 0.1171875 0.3
0 0.93828125 0.63203125 0.1234375 0.3234375