2 0.16640625 0.5796875 0.3328125 0.784375
2 0.35234375 0.56015625 0.2828125 0.59375
2 0.559375 0.56015625 0.246875 0.5515625
2 0.89140625 0.65390625 0.2171875 0.6921875
2 0.715625 0.56953125 0.2796875 0.5734375
2 0.82109375 0.625 0.2046875 0.521875
2 0.17578125 0.578125 0.2515625 0.7625
1 0.08515625 0.28828125 0.1390625 0.1328125
1 0.23125 0.25390625 0.1171875 0.1140625
1 0.4078125 0.3265625 0.1046875 0.1078125
1 0.6 0.340625 0.125 0.11875
1 0.721875 0.33046875 0.13125 0.128125
1 0.83125 0.41875 0.1328125 0.1234375
1 0.928125 0.34375 0.14375 0.1375
0 0.33828125 0.6109375 0.2296875 0.3515625
0 0.55 0.63203125 0.203125 0.346875
0 0.67578125 0.64296875 0.1703125 0.3390625
0 0.8109375 0.69375 0.1484375 0.309375
0 0.921875 0.678125 0.15625 0.334375