2 0.35703125 0.50546875 0.525 0.9453125
1 0.546875 0.11484375 0.1265625 0.1203125
0 0.36953125 0.40703125 0.35625 0.5453125
2 0.50390625 0.5390625 0.4265625 0.6484375
1 0.6171875 0.2921875 0.146875 0.1453125
0 0.46875 0.4703125 0.1875 0.3046875
2 0.7109375 0.60390625 0.4484375 0.309375
0 0.91875 0.5453125 0.1625 0.284375
2 0.8796875 0.61015625 0.2375 0.5859375
0 0.87734375 0.546875 0.1265625 0.2421875
1 0.89609375 0.565625 0.096875 0.13125
0 0.77421875 0.575 0.1609375 0.1921875
2 0.8828125 0.64375 0.234375 0.7125
1 0.95546875 0.36796875 0.0828125 0.090625
1 0.9859375 0.33515625 0.028125 0.0828125