2 0.37265625 0.54609375 0.5390625 0.9078125
1 0.3796875 0.13125 0.128125 0.121875
0 0.3421875 0.4703125 0.3640625 0.5484375
2 0.51953125 0.53359375 0.434375 0.6515625
1 0.51796875 0.2625 0.1484375 0.146875
0 0.459375 0.4859375 0.190625 0.30625
2 0.73515625 0.5046875 0.4515625 0.315625
0 0.90703125 0.35859375 0.1859375 0.2859375
2 0.88359375 0.43828125 0.2328125 0.5859375
0 0.86171875 0.3828125 0.1296875 0.2421875
1 0.88671875 0.3921875 0.0984375 0.13125
0 0.7796875 0.45234375 0.1640625 0.19375
2 0.89453125 0.475 0.2109375 0.746875
1 0.85703125 0.18828125 0.084375 0.0921875
1 0.8953125 0.134375 0.0796875 0.084375