2 0.3609375 0.53515625 0.346875 0.8921875
1 0.465625 0.11328125 0.1078125 0.10078125
0 0.353125 0.4359375 0.25703125 0.503125
2 0.51171875 0.5375 0.30859375 0.59765625
1 0.57109375 0.27265625 0.125 0.121875
0 0.46328125 0.47734375 0.13046875 0.284375
2 0.728125 0.5578125 0.41015625 0.22890625
0 0.93203125 0.4546875 0.1359375 0.2625
2 0.89453125 0.52890625 0.12109375 0.57265625
0 0.87890625 0.4671875 0.0796875 0.23046875
1 0.90078125 0.48203125 0.07421875 0.11796875
0 0.78359375 0.51640625 0.12890625 0.16875
2 0.9328125 0.57421875 0.134375 0.7359375
1 0.91796875 0.2765625 0.06796875 0.078125
1 0.9671875 0.2328125 0.065625 0.07109375