0 0.540625 0.24921875 0.05625 0.1109375
2 0.515625 0.62265625 0.334375 0.7546875
2 0.1390625 0.52734375 0.278125 0.9453125
2 0.89296875 0.25703125 0.0953125 0.2484375
2 0.91875 0.4671875 0.1625 0.934375
2 0.609375 0.28828125 0.0796875 0.240625
2 0.415625 0.27578125 0.0828125 0.1953125
2 0.80703125 0.2640625 0.0875 0.2375
2 0.5703125 0.27890625 0.078125 0.2484375
2 0.75546875 0.2109375 0.0546875 0.1375
2 0.67578125 0.26484375 0.090625 0.246875
2 0.734375 0.21171875 0.05 0.1296875
2 0.70390625 0.21484375 0.0515625 0.1453125
2 0.64375 0.22109375 0.0546875 0.1453125
2 0.44453125 0.22109375 0.0359375 0.0828125
2 0.228125 0.27109375 0.0453125 0.1328125
2 0.77578125 0.2125 0.0421875 0.128125
0 0.121875 0.57265625 0.24375 0.8546875
0 0.95859375 0.6140625 0.0828125 0.6375