0 0.6 0.26640625 0.053125 0.109375
2 0.484375 0.62421875 0.309375 0.7515625
2 0.1296875 0.4796875 0.259375 0.959375
2 0.93984375 0.359375 0.0875 0.246875
2 0.9265625 0.53515625 0.146875 0.9296875
2 0.65703125 0.32109375 0.071875 0.240625
2 0.47265625 0.2625 0.0765625 0.19375
2 0.8546875 0.3453125 0.0796875 0.2359375
2 0.621875 0.30234375 0.0703125 0.2484375
2 0.8171875 0.28125 0.05 0.1359375
2 0.72734375 0.3140625 0.08125 0.2453125
2 0.796875 0.2765625 0.0453125 0.128125
2 0.76640625 0.27265625 0.046875 0.1453125
2 0.70703125 0.2640625 0.05 0.1453125
2 0.51328125 0.21640625 0.034375 0.08125
2 0.29140625 0.21171875 0.0421875 0.1328125
2 0.8375 0.28828125 0.0375 0.128125
0 0.109375 0.4921875 0.21875 0.890625
0 0.94296875 0.70546875 0.1140625 0.5890625