0 0.575 0.25703125 0.0421875 0.10546875
2 0.4984375 0.628125 0.23359375 0.7375
2 0.10625 0.5015625 0.2015625 0.984375
2 0.92265625 0.3140625 0.0625 0.2421875
2 0.95390625 0.5109375 0.0921875 0.97109375
2 0.6375 0.30546875 0.046875 0.23671875
2 0.44765625 0.26640625 0.0578125 0.1890625
2 0.83671875 0.309375 0.05625 0.23203125
2 0.60078125 0.290625 0.04453125 0.2453125
2 0.79296875 0.24921875 0.03671875 0.13359375
2 0.70703125 0.29140625 0.05703125 0.24140625
2 0.771875 0.246875 0.03203125 0.12578125
2 0.74140625 0.24609375 0.0328125 0.1421875
2 0.68125 0.24375 0.03515625 0.1421875
2 0.48359375 0.21640625 0.02578125 0.0796875
2 0.2625 0.23515625 0.028125 0.13046875
2 0.81328125 0.25390625 0.025 0.1265625
0 0.0875 0.53515625 0.175 0.8765625
0 0.9703125 0.68203125 0.059375 0.6359375