2 0.45703125 0.75703125 0.2015625 0.4859375
2 0.9140625 0.6625 0.171875 0.596875
2 0.61484375 0.69765625 0.246875 0.578125
2 0.1390625 0.7875 0.25625 0.425
2 0.29375 0.7546875 0.18125 0.490625
2 0.2 0.609375 0.109375 0.2078125
0 0.515625 0.63359375 0.0671875 0.1140625
1 0.49765625 0.55703125 0.03125 0.0375
2 0.4984375 0.56171875 0.0265625 0.0421875
2 0.74140625 0.709375 0.140625 0.509375
0 0.3625 0.65625 0.065625 0.1375
1 0.35859375 0.5609375 0.04375 0.0453125
1 0.39453125 0.54609375 0.04375 0.0484375
2 0.39765625 0.54296875 0.046875 0.0875
2 0.85390625 0.6703125 0.1125 0.4609375
2 0.35703125 0.63359375 0.075 0.19375
1 0.890625 0.40625 0.071875 0.059375
1 0.83515625 0.46640625 0.0484375 0.0546875
1 0.71328125 0.4828125 0.0578125 0.0515625
1 0.5734375 0.4578125 0.1015625 0.0796875
1 0.4328125 0.534375 0.053125 0.0546875
1 0.25703125 0.5546875 0.0703125 0.0765625
1 0.19609375 0.52578125 0.0484375 0.04375
1 0.12421875 0.62734375 0.0859375 0.1015625
0 0.93046875 0.6015625 0.1390625 0.25625
0 0.85 0.596875 0.084375 0.1828125
0 0.73046875 0.6296875 0.0953125 0.1859375
0 0.62890625 0.725 0.178125 0.36875
0 0.45546875 0.7046875 0.1359375 0.23125
0 0.3890625 0.6703125 0.0609375 0.1671875
0 0.3015625 0.79609375 0.1609375 0.328125
0 0.19765625 0.6328125 0.078125 0.1515625
0 0.14921875 0.84765625 0.1671875 0.3046875