2 0.44765625 0.75703125 0.1859375 0.4859375
2 0.915625 0.67734375 0.16875 0.5921875
2 0.6078125 0.7015625 0.228125 0.5734375
2 0.12890625 0.7828125 0.2421875 0.434375
2 0.28515625 0.7515625 0.1640625 0.496875
2 0.19609375 0.5984375 0.1015625 0.20625
0 0.5109375 0.63359375 0.0625 0.1125
1 0.4953125 0.55703125 0.0296875 0.0375
2 0.49609375 0.56171875 0.025 0.0421875
2 0.73359375 0.71796875 0.1234375 0.5078125
0 0.35703125 0.65078125 0.0609375 0.1359375
1 0.35703125 0.55625 0.0421875 0.04375
1 0.39296875 0.54296875 0.0421875 0.046875
2 0.39609375 0.5390625 0.04375 0.0859375
2 0.84765625 0.6828125 0.096875 0.459375
2 0.35234375 0.62890625 0.06875 0.1921875
1 0.89375 0.4203125 0.0703125 0.0578125
1 0.8359375 0.478125 0.046875 0.053125
1 0.7140625 0.490625 0.05625 0.05
1 0.575 0.46015625 0.1 0.0765625
1 0.43203125 0.53203125 0.0515625 0.053125
1 0.2546875 0.54609375 0.06875 0.075
1 0.1953125 0.51484375 0.046875 0.0421875
1 0.1203125 0.6140625 0.0828125 0.0984375
0 0.92734375 0.61640625 0.13125 0.253125
0 0.846875 0.60859375 0.078125 0.18125
0 0.72578125 0.6375 0.0890625 0.184375
0 0.62109375 0.7296875 0.165625 0.365625
0 0.4484375 0.703125 0.128125 0.228125
0 0.3828125 0.66640625 0.05625 0.1671875
0 0.29140625 0.7890625 0.15 0.325
0 0.19296875 0.62265625 0.071875 0.15
0 0.1375 0.8421875 0.15625 0.315625