2 0.43046875 0.7578125 0.15234375 0.48359375
2 0.9140625 0.7078125 0.15078125 0.58359375
2 0.59375 0.70859375 0.18984375 0.56171875
2 0.109375 0.771875 0.2109375 0.4515625
2 0.26796875 0.7453125 0.1296875 0.50703125
2 0.18984375 0.57734375 0.08828125 0.2
0 0.5015625 0.634375 0.05546875 0.109375
1 0.49140625 0.55625 0.02734375 0.03515625
2 0.4921875 0.5609375 0.021875 0.040625
2 0.71796875 0.73359375 0.0890625 0.503125
0 0.346875 0.640625 0.05234375 0.1328125
1 0.353125 0.54609375 0.03984375 0.040625
1 0.390625 0.53515625 0.03984375 0.04453125
2 0.39375 0.53203125 0.03828125 0.08359375
2 0.834375 0.70625 0.065625 0.45625
2 0.34375 0.61796875 0.05625 0.18828125
1 0.8984375 0.44765625 0.06640625 0.053125
1 0.83671875 0.5015625 0.04296875 0.05078125
1 0.7140625 0.50546875 0.05390625 0.04609375
1 0.57734375 0.465625 0.0953125 0.0703125
1 0.4296875 0.52734375 0.04765625 0.04921875
1 0.25234375 0.52890625 0.0640625 0.0703125
1 0.1953125 0.49375 0.04375 0.03984375
1 0.11328125 0.5875 0.0765625 0.09375
0 0.91796875 0.64609375 0.1140625 0.24609375
0 0.83828125 0.6328125 0.065625 0.1765625
0 0.715625 0.653125 0.0765625 0.1796875
0 0.6046875 0.7375 0.14140625 0.35625
0 0.434375 0.69921875 0.11328125 0.22109375
0 0.371875 0.6578125 0.04453125 0.1640625
0 0.271875 0.7734375 0.128125 0.31640625
0 0.18515625 0.60078125 0.0625 0.1453125
0 0.1140625 0.8234375 0.134375 0.3203125