1 0.475 0.28828125 0.0625 0.0578125
1 0.39296875 0.26171875 0.125 0.125
2 0.81796875 0.58046875 0.2546875 0.74375
2 0.15625 0.63203125 0.3125 0.7359375
1 0.3421875 0.28515625 0.0390625 0.0640625
1 0.72265625 0.2 0.0703125 0.0609375
2 0.4484375 0.6015625 0.328125 0.796875
2 0.73984375 0.3296875 0.1359375 0.321875
2 0.6609375 0.590625 0.346875 0.796875
1 0.56875 0.23984375 0.084375 0.08125
2 0.35390625 0.4 0.1140625 0.3015625
2 0.67578125 0.3125 0.1140625 0.21875
2 0.52890625 0.546875 0.1734375 0.571875