1 0.50859375 0.28671875 0.05625 0.04921875
1 0.43125 0.24765625 0.10859375 0.10859375
2 0.8015625 0.62890625 0.14140625 0.73125
2 0.115625 0.609375 0.23125 0.78046875
1 0.37734375 0.26328125 0.03046875 0.06015625
1 0.7671875 0.23828125 0.0625 0.05234375
2 0.43125 0.60234375 0.20625 0.79375
2 0.76328125 0.36953125 0.0875 0.3125
2 0.64453125 0.61484375 0.2296875 0.7703125
1 0.60859375 0.25390625 0.07421875 0.0703125
2 0.37109375 0.378125 0.06875 0.29453125
2 0.703125 0.3421875 0.0828125 0.2078125
2 0.52109375 0.55078125 0.08671875 0.565625