1 0.453125 0.29140625 0.0671875 0.0625
1 0.36796875 0.27421875 0.1328125 0.1328125
2 0.825 0.54609375 0.3265625 0.7421875
2 0.184375 0.64921875 0.36875 0.7015625
1 0.3203125 0.303125 0.0453125 0.065625
1 0.690625 0.178125 0.0734375 0.0671875
2 0.46015625 0.603125 0.4046875 0.79375
2 0.7203125 0.30546875 0.165625 0.325
2 0.66953125 0.5734375 0.421875 0.803125
1 0.54140625 0.234375 0.090625 0.0875
2 0.34375 0.415625 0.1421875 0.3015625
2 0.65546875 0.2953125 0.134375 0.221875
2 0.53359375 0.54375 0.2296875 0.56875