2 0.82734375 0.39609375 0.0578125 0.228125
2 0.646875 0.79765625 0.3296875 0.4015625
2 0.35546875 0.72890625 0.1671875 0.5421875
2 0.68984375 0.5296875 0.09375 0.340625
2 0.52578125 0.55703125 0.0625 0.128125
2 0.5953125 0.5484375 0.0640625 0.140625
2 0.7953125 0.44609375 0.065625 0.13125
2 0.6390625 0.540625 0.0765625 0.190625
0 0.41015625 0.50234375 0.0375 0.0578125
2 0.40546875 0.496875 0.05 0.1015625
0 0.43984375 0.49296875 0.0296875 0.065625
2 0.44453125 0.49296875 0.0515625 0.0921875
0 0.4890625 0.496875 0.028125 0.053125
2 0.48515625 0.478125 0.05 0.090625
1 0.4046875 0.459375 0.0265625 0.0265625
1 0.43828125 0.45390625 0.0234375 0.0234375
2 0.43125 0.44765625 0.034375 0.05625
2 0.5015625 0.44765625 0.0328125 0.096875
0 0.5265625 0.5390625 0.046875 0.0546875
1 0.53203125 0.5109375 0.025 0.03125
2 0.5421875 0.48828125 0.040625 0.0890625
0 0.58984375 0.4734375 0.0328125 0.0703125
2 0.59140625 0.46875 0.040625 0.1125
2 0.715625 0.4265625 0.0453125 0.14375
1 0.29921875 0.4796875 0.059375 0.0609375
1 0.51171875 0.7046875 0.096875 0.1734375
1 0.66171875 0.37578125 0.0421875 0.03125
0 0.8328125 0.35390625 0.0515625 0.071875
1 0.8203125 0.3015625 0.0296875 0.0265625
1 0.7734375 0.409375 0.0359375 0.0375
0 0.603125 0.534375 0.0671875 0.075
1 0.59453125 0.5015625 0.03125 0.0359375
1 0.4796875 0.45 0.028125 0.01875
0 0.5421875 0.48828125 0.01875 0.03125
1 0.53984375 0.45234375 0.025 0.021875
1 0.603125 0.42734375 0.0359375 0.0453125
1 0.42421875 0.43984375 0.0140625 0.0140625
0 0.434375 0.43828125 0.0140625 0.015625
0 0.49921875 0.4328125 0.01875 0.040625
1 0.50625 0.4046875 0.0171875 0.0125
0 0.70859375 0.41328125 0.0328125 0.0609375
1 0.7140625 0.36171875 0.021875 0.025
0 0.63515625 0.51953125 0.0328125 0.0984375
0 0.66328125 0.490625 0.0546875 0.1109375
1 0.65390625 0.45234375 0.0328125 0.028125
0 0.33984375 0.609375 0.1140625 0.19375
0 0.65390625 0.7765625 0.184375 0.30625
0 0.80703125 0.403125 0.040625 0.04375