2 0.83359375 0.41953125 0.04140625 0.2265625
2 0.62578125 0.80703125 0.30390625 0.38125
2 0.33984375 0.721875 0.1296875 0.54296875
2 0.6875 0.54296875 0.0703125 0.3359375
2 0.521875 0.55859375 0.0546875 0.125
2 0.59140625 0.5546875 0.05390625 0.13671875
2 0.7984375 0.4671875 0.05703125 0.12734375
2 0.6359375 0.55 0.0640625 0.18671875
0 0.41015625 0.49609375 0.03359375 0.05625
2 0.40625 0.490625 0.04296875 0.09921875
0 0.440625 0.4890625 0.02578125 0.0640625
2 0.4453125 0.4890625 0.0453125 0.08984375
0 0.4890625 0.49609375 0.02421875 0.05234375
2 0.48671875 0.47734375 0.04453125 0.0875
1 0.4078125 0.453125 0.02421875 0.02421875
1 0.44140625 0.45 0.021875 0.021875
2 0.43515625 0.44296875 0.03046875 0.05390625
2 0.50546875 0.44765625 0.0265625 0.09453125
0 0.5234375 0.540625 0.04296875 0.0515625
1 0.53125 0.51328125 0.0234375 0.03046875
2 0.54296875 0.49140625 0.03515625 0.08671875
0 0.59140625 0.4796875 0.028125 0.06796875
2 0.59375 0.475 0.03359375 0.11015625
2 0.7203125 0.44140625 0.03515625 0.14140625
1 0.30078125 0.465625 0.05625 0.05703125
1 0.49765625 0.7046875 0.08515625 0.1671875
1 0.6703125 0.3875 0.03984375 0.02890625
0 0.8421875 0.37734375 0.04765625 0.06875
1 0.83359375 0.32421875 0.028125 0.02421875
1 0.77890625 0.42890625 0.0328125 0.0359375
0 0.60078125 0.54140625 0.06171875 0.0703125
1 0.59453125 0.5078125 0.02890625 0.03359375
1 0.48359375 0.4484375 0.0265625 0.0171875
0 0.54296875 0.49140625 0.0171875 0.03046875
1 0.54296875 0.45546875 0.02421875 0.01953125
1 0.6078125 0.434375 0.0328125 0.04296875
1 0.42890625 0.434375 0.0125 0.0125
0 0.4390625 0.43359375 0.0125 0.01484375
0 0.50390625 0.4328125 0.01640625 0.03984375
1 0.5125 0.40546875 0.0171875 0.01171875
0 0.7140625 0.428125 0.02890625 0.05859375
1 0.7234375 0.37734375 0.01953125 0.0234375
0 0.63359375 0.52890625 0.0265625 0.09609375
0 0.66328125 0.50234375 0.046875 0.10859375
1 0.65703125 0.46328125 0.03046875 0.02578125
0 0.3328125 0.59765625 0.1015625 0.18671875
0 0.634375 0.78671875 0.16484375 0.29609375
0 0.81328125 0.425 0.03828125 0.040625