2 0.84296875 0.50859375 0.0984375 0.2296875
2 0.54140625 0.80234375 0.3921875 0.3953125
2 0.2875 0.67265625 0.265625 0.5578125
2 0.6703125 0.58984375 0.1546875 0.3421875
2 0.50625 0.5625 0.0859375 0.134375
2 0.57421875 0.5765625 0.0875 0.1453125
2 0.796875 0.5453125 0.0875 0.1375
2 0.61875 0.58359375 0.1109375 0.196875
0 0.4140625 0.47265625 0.046875 0.0625
2 0.41171875 0.46640625 0.0671875 0.10625
0 0.4453125 0.47421875 0.0421875 0.06875
2 0.45 0.475 0.0671875 0.0984375
0 0.490625 0.49375 0.0375 0.05625
2 0.49296875 0.475 0.065625 0.0953125
1 0.4234375 0.43125 0.0296875 0.0296875
1 0.45625 0.43671875 0.0265625 0.0265625
2 0.45234375 0.428125 0.04375 0.059375
2 0.51875 0.45078125 0.05 0.0984375
0 0.5125 0.5453125 0.0546875 0.0609375
1 0.5265625 0.52109375 0.03125 0.0359375
2 0.54375 0.503125 0.05625 0.0921875
0 0.59375 0.50390625 0.0453125 0.0734375
2 0.596875 0.5 0.0609375 0.115625
2 0.728125 0.50078125 0.0703125 0.1453125
1 0.31640625 0.415625 0.06875 0.0703125
1 0.44453125 0.696875 0.125 0.1828125
1 0.69375 0.43515625 0.0453125 0.0375
0 0.8625 0.4703125 0.0640625 0.078125
1 0.86796875 0.41640625 0.0328125 0.03125
1 0.7875 0.503125 0.040625 0.04375
0 0.58671875 0.56640625 0.078125 0.084375
1 0.5890625 0.53203125 0.0359375 0.040625
1 0.49765625 0.44609375 0.0296875 0.0234375
0 0.54375 0.503125 0.025 0.034375
1 0.553125 0.46796875 0.028125 0.025
1 0.62109375 0.46484375 0.0421875 0.05
1 0.4484375 0.41796875 0.015625 0.015625
0 0.45859375 0.4203125 0.015625 0.0171875
0 0.52109375 0.4359375 0.0265625 0.0421875
1 0.53671875 0.41171875 0.0203125 0.015625
0 0.725 0.4859375 0.04375 0.0640625
1 0.74765625 0.4390625 0.025 0.028125
0 0.621875 0.5625 0.05 0.1
0 0.65703125 0.54453125 0.0734375 0.1171875
1 0.6609375 0.50546875 0.0359375 0.0328125
0 0.31328125 0.55078125 0.146875 0.20625
0 0.55546875 0.81171875 0.2359375 0.328125
0 0.821875 0.50859375 0.046875 0.0484375