2 0.90625 0.61953125 0.1875 0.7609375
2 0.77578125 0.38203125 0.14765625 0.28984375
2 0.69765625 0.63046875 0.1859375 0.7390625
2 0.52421875 0.58828125 0.41484375 0.80078125
2 0.5859375 0.3546875 0.08984375 0.19765625
2 0.3875 0.3890625 0.14453125 0.20703125
2 0.30234375 0.65 0.14765625 0.7
2 0.11875 0.6125 0.2375 0.775
0 0.9046875 0.7484375 0.190625 0.503125
1 0.91875 0.28515625 0.1421875 0.12109375
1 0.7578125 0.27734375 0.1265625 0.11953125
1 0.68125 0.328125 0.1234375 0.1109375
1 0.584375 0.30703125 0.08671875 0.090625
1 0.50625 0.2453125 0.13203125 0.0953125
1 0.3984375 0.3359375 0.13203125 0.10390625
1 0.26953125 0.3984375 0.11953125 0.08984375
1 0.075 0.27578125 0.08828125 0.1109375
0 0.10390625 0.7296875 0.2078125 0.540625
0 0.30078125 0.7890625 0.16171875 0.421875
0 0.52578125 0.66953125 0.23046875 0.49296875
0 0.7015625 0.690625 0.18203125 0.375