2 0.89375 0.5828125 0.2125 0.775
2 0.7640625 0.35859375 0.171875 0.3015625
2 0.70859375 0.6125 0.25 0.753125
2 0.53203125 0.584375 0.4828125 0.83125
2 0.57265625 0.34765625 0.10625 0.2046875
2 0.378125 0.39921875 0.1625 0.21875
2 0.31640625 0.65546875 0.2078125 0.6890625
2 0.140625 0.62421875 0.28125 0.7515625
0 0.90390625 0.71171875 0.1921875 0.5171875
1 0.8984375 0.24921875 0.1515625 0.1328125
1 0.7375 0.25546875 0.1359375 0.1296875
1 0.665625 0.31328125 0.1328125 0.121875
1 0.5671875 0.30078125 0.09375 0.0984375
1 0.484375 0.24609375 0.1390625 0.10625
1 0.384375 0.3453125 0.140625 0.115625
1 0.26171875 0.41875 0.1265625 0.1
1 0.05703125 0.3140625 0.096875 0.11875
0 0.1265625 0.7421875 0.253125 0.515625
0 0.32578125 0.79375 0.1984375 0.4125
0 0.540625 0.66640625 0.271875 0.5109375
0 0.7171875 0.67265625 0.2140625 0.3890625