2 0.8703125 0.5171875 0.259375 0.784375
2 0.7390625 0.31875 0.2140625 0.3171875
2 0.7234375 0.57890625 0.359375 0.7625
2 0.54375 0.5703125 0.596875 0.859375
2 0.5484375 0.33828125 0.134375 0.2140625
2 0.3640625 0.41953125 0.190625 0.2359375
2 0.34375 0.66796875 0.3125 0.6640625
2 0.1828125 0.6484375 0.365625 0.703125
0 0.9 0.6421875 0.2 0.534375
1 0.8546875 0.18984375 0.1671875 0.1515625
1 0.69609375 0.221875 0.1515625 0.146875
1 0.634375 0.2890625 0.146875 0.1375
1 0.53515625 0.2921875 0.10625 0.109375
1 0.44453125 0.2515625 0.1515625 0.125
1 0.36171875 0.365625 0.153125 0.1328125
1 0.2515625 0.45703125 0.1375 0.115625
1 0.04453125 0.38515625 0.0890625 0.1296875
0 0.17109375 0.765625 0.3328125 0.46875
0 0.3765625 0.80234375 0.259375 0.3953125
0 0.56640625 0.65859375 0.3421875 0.534375
0 0.74140625 0.6359375 0.2671875 0.4078125