2 0.8125 0.5359375 0.375 0.928125
0 0.83828125 0.525 0.3234375 0.6
2 0.66796875 0.6109375 0.3421875 0.778125
2 0.2953125 0.58359375 0.3375 0.78125
2 0.50546875 0.6046875 0.3390625 0.790625
1 0.846875 0.1734375 0.1515625 0.175
0 0.52265625 0.5140625 0.1953125 0.3421875
2 0.16875 0.4828125 0.3375 0.921875
1 0.70703125 0.265625 0.0796875 0.0875
1 0.2421875 0.12578125 0.1328125 0.184375
1 0.325 0.26328125 0.103125 0.1484375
0 0.14453125 0.49609375 0.2890625 0.5640625
0 0.690625 0.52109375 0.25 0.3578125