2 0.85703125 0.50390625 0.28125 0.984375
0 0.85 0.4515625 0.25625 0.5671875
2 0.69296875 0.59609375 0.20625 0.8046875
2 0.3171875 0.621875 0.209375 0.75625
2 0.52734375 0.60703125 0.2078125 0.7859375
1 0.77109375 0.10859375 0.1265625 0.15625
0 0.525 0.50859375 0.1421875 0.325
2 0.1484375 0.55390625 0.234375 0.8921875
1 0.65390625 0.228125 0.0671875 0.078125
1 0.1703125 0.1875 0.1046875 0.1703125
1 0.2796875 0.3046875 0.08125 0.1375
0 0.1453125 0.571875 0.2140625 0.5375
0 0.69140625 0.48125 0.196875 0.3296875