2 0.85703125 0.51015625 0.2640625 0.9796875
0 0.85078125 0.4578125 0.246875 0.56328125
2 0.69140625 0.59921875 0.1921875 0.8015625
2 0.31484375 0.62109375 0.196875 0.75703125
2 0.5265625 0.60859375 0.19375 0.7828125
1 0.778125 0.11328125 0.12421875 0.1546875
0 0.525 0.509375 0.13671875 0.32265625
2 0.1484375 0.5515625 0.21875 0.896875
1 0.65859375 0.23046875 0.065625 0.0765625
1 0.17578125 0.18203125 0.10234375 0.16796875
1 0.2828125 0.30078125 0.078125 0.1359375
0 0.14375 0.565625 0.2046875 0.534375
0 0.69140625 0.484375 0.19140625 0.3265625