1 0.3984375 0.63828125 0.090625 0.0734375
1 0.56875 0.6875 0.0984375 0.084375
1 0.225 0.63671875 0.1046875 0.0859375
1 0.7140625 0.66640625 0.0875 0.0734375
1 0.859375 0.62421875 0.09375 0.0765625
1 0.82421875 0.24375 0.0765625 0.0703125
1 0.39453125 0.2578125 0.0796875 0.0703125
1 0.63046875 0.54609375 0.0828125 0.06875
1 0.9125 0.53203125 0.08125 0.0796875
1 0.31796875 0.56171875 0.084375 0.06875
2 0.853125 0.3515625 0.146875 0.3125
1 0.9375 0.1703125 0.075 0.0625
2 0.86796875 0.7796875 0.2640625 0.40625
2 0.7546875 0.4828125 0.259375 0.5625
2 0.59140625 0.81953125 0.26875 0.3609375
2 0.38828125 0.41875 0.159375 0.3578125
1 0.2109375 0.26640625 0.06875 0.0609375
2 0.23515625 0.7921875 0.2828125 0.415625
2 0.21328125 0.49296875 0.2453125 0.48125
2 0.93359375 0.65703125 0.1328125 0.3421875
1 0.734375 0.21796875 0.0734375 0.059375
2 0.4140625 0.8 0.2 0.4
2 0.60390625 0.41484375 0.125 0.3171875
2 0.496875 0.52421875 0.2203125 0.5640625
2 0.6359375 0.64296875 0.1171875 0.2640625
1 0.76875 0.1625 0.0640625 0.0515625
2 0.71953125 0.80703125 0.178125 0.371875
1 0.58828125 0.28359375 0.0734375 0.0625
2 0.3203125 0.6671875 0.1359375 0.278125
1 0.534375 0.2328125 0.05625 0.0546875
2 0.3171875 0.33359375 0.08125 0.1515625
1 0.4765625 0.24296875 0.075 0.084375
2 0.534375 0.28828125 0.0828125 0.1578125
1 0.65234375 0.21171875 0.078125 0.0625
2 0.65703125 0.284375 0.0828125 0.1671875
1 0.31796875 0.28046875 0.0578125 0.0578125
1 0.58203125 0.19296875 0.0609375 0.0484375
1 0.68125 0.26171875 0.059375 0.053125
1 0.87421875 0.1734375 0.0484375 0.0453125
2 0.60859375 0.28671875 0.1171875 0.2046875
1 0.16875 0.3203125 0.053125 0.046875
1 0.35546875 0.53515625 0.05625 0.053125
2 0.06796875 0.55234375 0.1359375 0.5296875
1 0.265625 0.29453125 0.05625 0.065625
2 0.77265625 0.2234375 0.0828125 0.1765625
2 0.159375 0.359375 0.0875 0.11875
1 0.35859375 0.2609375 0.046875 0.053125
2 0.68984375 0.38125 0.1125 0.2859375
2 0.39765625 0.3125 0.1046875 0.1671875
2 0.28359375 0.3328125 0.06875 0.121875
2 0.37578125 0.56171875 0.08125 0.115625
1 0.009375 0.3203125 0.01875 0.053125
1 0.684375 0.1984375 0.0421875 0.0453125
2 0.35390625 0.29921875 0.0609375 0.115625