1 0.36796875 0.609375 0.0984375 0.084375
1 0.52109375 0.6984375 0.1078125 0.0953125
1 0.2 0.565625 0.1140625 0.0984375
1 0.6671875 0.71328125 0.0953125 0.084375
1 0.81875 0.7078125 0.1015625 0.0890625
1 0.8765625 0.3296875 0.084375 0.0796875
1 0.45625 0.2390625 0.0875 0.0796875
1 0.615625 0.5765625 0.0890625 0.078125
1 0.8921875 0.63125 0.090625 0.0890625
1 0.30859375 0.51640625 0.090625 0.078125
2 0.878125 0.44140625 0.1859375 0.325
1 0.98125 0.2859375 0.0375 0.071875
2 0.8015625 0.82265625 0.3375 0.3546875
2 0.7515625 0.54453125 0.33125 0.5859375
2 0.51015625 0.81875 0.3140625 0.3625
2 0.41171875 0.39453125 0.2046875 0.371875
1 0.27578125 0.203125 0.075 0.06875
2 0.17109375 0.72734375 0.3359375 0.459375
2 0.2234375 0.42421875 0.30625 0.5046875
2 0.8875 0.759375 0.1875 0.3546875
1 0.7953125 0.2828125 0.0796875 0.06875
2 0.34453125 0.77109375 0.25 0.4203125
2 0.621875 0.4421875 0.165625 0.328125
2 0.490625 0.52265625 0.2953125 0.58125
2 0.596875 0.671875 0.1515625 0.275
1 0.8421875 0.2375 0.06875 0.059375
2 0.63828125 0.828125 0.2265625 0.34375
1 0.6375 0.3109375 0.0796875 0.071875
2 0.28515625 0.61875 0.171875 0.290625
1 0.5984375 0.24921875 0.0625 0.0609375
2 0.3625 0.29453125 0.1015625 0.159375
1 0.5390625 0.2453125 0.0859375 0.09375
2 0.584375 0.303125 0.103125 0.165625
1 0.7171875 0.25703125 0.084375 0.071875
2 0.7046875 0.32890625 0.1046875 0.175
1 0.3765625 0.24296875 0.065625 0.065625
1 0.65390625 0.221875 0.065625 0.05625
1 0.73359375 0.31328125 0.065625 0.059375
1 0.9421875 0.27421875 0.0546875 0.0515625
2 0.65703125 0.31953125 0.1421875 0.2171875
1 0.22265625 0.2453125 0.059375 0.053125
1 0.3515625 0.49921875 0.0625 0.059375
2 0.0859375 0.4453125 0.171875 0.5375
1 0.321875 0.24453125 0.0640625 0.071875
2 0.83125 0.29765625 0.1046875 0.184375
2 0.20390625 0.28046875 0.1015625 0.128125
1 0.4203125 0.23359375 0.053125 0.059375
2 0.71328125 0.43046875 0.15 0.2953125
2 0.44609375 0.29296875 0.1265625 0.1765625
2 0.33046875 0.2859375 0.084375 0.128125
2 0.3640625 0.53046875 0.0953125 0.125
1 0.0625 0.20625 0.0359375 0.05625
1 0.7515625 0.25234375 0.0484375 0.05
2 0.40703125 0.2703125 0.0765625 0.121875