1 0.39140625 0.6328125 0.0875 0.06953125
1 0.55859375 0.690625 0.09453125 0.07890625
1 0.21796875 0.621875 0.10078125 0.08046875
1 0.7046875 0.67734375 0.084375 0.06953125
1 0.85234375 0.64296875 0.08984375 0.07265625
1 0.8375 0.2609375 0.07265625 0.06640625
1 0.40703125 0.25234375 0.07578125 0.06640625
1 0.628125 0.553125 0.07890625 0.0640625
1 0.91015625 0.55390625 0.07734375 0.075
1 0.31484375 0.55234375 0.08046875 0.0640625
2 0.86015625 0.3703125 0.13046875 0.30625
1 0.95390625 0.19375 0.07265625 0.059375
2 0.865625 0.8 0.2671875 0.3921875
2 0.75546875 0.49609375 0.23046875 0.5515625
2 0.57421875 0.82421875 0.2515625 0.3484375
2 0.39296875 0.41328125 0.140625 0.35078125
1 0.2234375 0.2515625 0.065625 0.0578125
2 0.2203125 0.7859375 0.2609375 0.4171875
2 0.2140625 0.478125 0.2203125 0.47109375
2 0.9296875 0.68046875 0.125 0.33671875
1 0.7484375 0.23046875 0.07109375 0.05546875
2 0.39921875 0.79609375 0.17890625 0.39296875
2 0.60859375 0.4203125 0.10859375 0.3125
2 0.4953125 0.52421875 0.1921875 0.55546875
2 0.628125 0.65 0.10390625 0.259375
1 0.7859375 0.17734375 0.0609375 0.0484375
2 0.703125 0.81796875 0.159375 0.3640625
1 0.59921875 0.28828125 0.0703125 0.059375
2 0.31171875 0.6578125 0.12265625 0.271875
1 0.5484375 0.23515625 0.05390625 0.05234375
2 0.32578125 0.32421875 0.07421875 0.14765625
1 0.48984375 0.2421875 0.07109375 0.08125
2 0.5453125 0.290625 0.075 0.1546875
1 0.6671875 0.2203125 0.075 0.059375
2 0.66796875 0.29296875 0.07421875 0.1640625
1 0.3296875 0.27109375 0.05546875 0.05546875
1 0.59765625 0.19765625 0.05859375 0.0453125
1 0.69375 0.271875 0.05703125 0.05
1 0.890625 0.19375 0.046875 0.04296875
2 0.61953125 0.29296875 0.10625 0.2
1 0.17890625 0.303125 0.0515625 0.04375
1 0.35390625 0.52734375 0.05390625 0.05078125
2 0.06171875 0.53046875 0.11796875 0.525
1 0.2765625 0.2828125 0.05234375 0.06328125
2 0.78671875 0.23828125 0.0734375 0.1734375
2 0.1671875 0.34140625 0.08125 0.11484375
1 0.37109375 0.25390625 0.04375 0.0515625
2 0.69609375 0.39140625 0.0984375 0.28125
2 0.4078125 0.30703125 0.096875 0.16171875
2 0.29296875 0.321875 0.0625 0.11875
2 0.37265625 0.55546875 0.07578125 0.1125
1 0.01484375 0.2953125 0.02734375 0.0515625
1 0.7 0.20859375 0.040625 0.04296875
2 0.36484375 0.2921875 0.05546875 0.11328125