2 0.8609375 0.646875 0.22421875 0.58515625
1 0.87734375 0.39375 0.1375 0.096875
0 0.86875 0.5953125 0.18359375 0.278125
2 0.48046875 0.5625 0.11640625 0.1390625
1 0.47109375 0.54453125 0.03828125 0.03828125
2 0.38515625 0.528125 0.08203125 0.15078125
0 0.3796875 0.5171875 0.06953125 0.059375
1 0.378125 0.47734375 0.03984375 0.03671875
2 0.178125 0.40703125 0.03828125 0.08359375
0 0.17265625 0.4015625 0.02734375 0.04140625
1 0.1765625 0.36953125 0.02421875 0.02265625
0 0.01796875 0.46015625 0.0328125 0.028125
2 0.01953125 0.453125 0.0390625 0.059375
1 0.02421875 0.4375 0.02578125 0.0171875