2 0.8140625 0.709375 0.359375 0.58125
1 0.8921875 0.48828125 0.15625 0.1265625
0 0.834375 0.68203125 0.2453125 0.3140625
2 0.465625 0.55625 0.146875 0.1625
1 0.4609375 0.5359375 0.046875 0.046875
2 0.38203125 0.49921875 0.115625 0.165625
0 0.37890625 0.4875 0.08125 0.075
1 0.3875 0.4484375 0.046875 0.0453125
2 0.21015625 0.33203125 0.0578125 0.090625
0 0.20625 0.325 0.0359375 0.046875
1 0.21796875 0.2953125 0.0296875 0.028125
0 0.0421875 0.34453125 0.0390625 0.0359375
2 0.0453125 0.33828125 0.0515625 0.0671875
1 0.053125 0.32421875 0.0296875 0.0234375