2 0.853125 0.665625 0.2546875 0.5953125
1 0.88203125 0.41328125 0.1421875 0.1046875
0 0.86328125 0.61484375 0.1984375 0.2875
2 0.47734375 0.56171875 0.1234375 0.1453125
1 0.46875 0.54296875 0.040625 0.040625
2 0.38359375 0.521875 0.0890625 0.1546875
0 0.37890625 0.5109375 0.071875 0.0625
1 0.3796875 0.47109375 0.0421875 0.0390625
2 0.18359375 0.390625 0.0421875 0.0859375
0 0.178125 0.384375 0.0296875 0.0421875
1 0.18359375 0.353125 0.025 0.0234375
0 0.02109375 0.43515625 0.034375 0.0296875
2 0.02265625 0.428125 0.0421875 0.0609375
1 0.028125 0.4125 0.0265625 0.01875