1 0.33046875 0.225 0.115625 0.075
1 0.6484375 0.30703125 0.1046875 0.084375
1 0.4859375 0.2890625 0.0828125 0.0546875
1 0.21328125 0.26953125 0.115625 0.0671875
2 0.87890625 0.52734375 0.2421875 0.5484375
2 0.21484375 0.58046875 0.31875 0.678125
1 0.54296875 0.31953125 0.0625 0.0546875
2 0.6203125 0.546875 0.271875 0.58125
1 0.909375 0.29921875 0.096875 0.071875
2 0.328125 0.49296875 0.2265625 0.5828125
2 0.5015625 0.50078125 0.21875 0.478125
1 0.58046875 0.29375 0.046875 0.0375
1 0.6296875 0.2734375 0.0640625 0.0390625
2 0.56328125 0.32890625 0.0859375 0.115625