1 0.31171875 0.2375 0.1109375 0.0671875
1 0.634375 0.296875 0.09921875 0.078125
1 0.47109375 0.290625 0.07890625 0.05
1 0.19765625 0.28984375 0.1109375 0.06015625
2 0.8890625 0.5 0.221875 0.534375
2 0.22109375 0.6 0.27265625 0.6609375
1 0.53046875 0.3171875 0.05859375 0.05078125
2 0.6234375 0.53828125 0.23359375 0.56640625
1 0.89453125 0.27109375 0.09296875 0.06484375
2 0.328125 0.5046875 0.18671875 0.571875
2 0.5015625 0.50078125 0.1859375 0.46640625
1 0.565625 0.28828125 0.04453125 0.03515625
1 0.61328125 0.26484375 0.0625 0.034375
2 0.5515625 0.325 0.078125 0.1109375