1 0.26875 0.27421875 0.1203125 0.0859375
1 0.596875 0.2765625 0.1109375 0.09375
1 0.43515625 0.2984375 0.0859375 0.0625
1 0.165625 0.3453125 0.1203125 0.078125
2 0.86328125 0.43203125 0.2734375 0.5640625
2 0.24296875 0.646875 0.3828125 0.6984375
1 0.4984375 0.31484375 0.0671875 0.0609375
2 0.628125 0.51640625 0.328125 0.5984375
1 0.8484375 0.20625 0.103125 0.0796875
2 0.33125 0.534375 0.2828125 0.5953125
2 0.5015625 0.50078125 0.2640625 0.4921875
1 0.528125 0.28046875 0.05 0.0421875
1 0.57109375 0.2484375 0.0671875 0.0453125
2 0.5203125 0.31875 0.096875 0.1234375