2 0.1640625 0.7890625 0.328125 0.421875
1 0.27890625 0.55546875 0.1109375 0.06875
1 0.609375 0.69296875 0.125 0.08125
1 0.15078125 0.6234375 0.1328125 0.084375
1 0.3828125 0.634375 0.1140625 0.071875
1 0.9078125 0.1765625 0.0796875 0.046875
2 0.859375 0.49375 0.275 0.540625
1 0.80234375 0.67578125 0.10625 0.06875
2 0.525 0.51796875 0.259375 0.575
1 0.4125 0.25 0.0921875 0.0640625
1 0.16328125 0.2515625 0.090625 0.0625
2 0.6171875 0.82109375 0.321875 0.353125
2 0.68046875 0.515625 0.14375 0.5046875
1 0.6609375 0.29140625 0.0921875 0.0671875
2 0.5875 0.415625 0.109375 0.403125
2 0.2765625 0.75859375 0.18125 0.465625
2 0.1484375 0.47421875 0.2875 0.496875
2 0.38671875 0.41171875 0.1953125 0.365625
1 0.96484375 0.26015625 0.06875 0.06875
2 0.29296875 0.34296875 0.103125 0.19375
2 0.396875 0.79609375 0.225 0.396875
2 0.8078125 0.815625 0.2 0.365625
1 0.509375 0.2546875 0.09375 0.075
1 0.10234375 0.29765625 0.0625 0.04375
1 0.590625 0.23515625 0.071875 0.053125
2 0.91484375 0.25546875 0.14375 0.2125
1 0.659375 0.2015625 0.075 0.05
1 0.78515625 0.27578125 0.078125 0.05625
2 0.96328125 0.36875 0.071875 0.284375
1 0.7453125 0.22421875 0.084375 0.05625
2 0.66328125 0.27890625 0.103125 0.20625
1 0.2375 0.2828125 0.065625 0.059375
2 0.7421875 0.29296875 0.1 0.1875
1 0.96953125 0.6375 0.0609375 0.059375
2 0.91640625 0.803125 0.159375 0.39375
2 0.9703125 0.5 0.059375 0.5296875
1 0.303125 0.26640625 0.065625 0.05
1 0.33671875 0.528125 0.065625 0.0484375
2 0.35625 0.55390625 0.09375 0.115625
2 0.084375 0.3296875 0.0984375 0.10625
2 0.35546875 0.28984375 0.0609375 0.109375
1 0.79375 0.2 0.046875 0.028125