2 0.6765625 0.440625 0.03828125 0.1640625
2 0.4859375 0.6375 0.146875 0.61328125
2 0.7984375 0.44140625 0.03984375 0.16171875
2 0.303125 0.46953125 0.05859375 0.12890625
2 0.05078125 0.3421875 0.02421875 0.0625
0 0.80390625 0.41875 0.0453125 0.065625
1 0.80078125 0.37890625 0.02734375 0.0296875
0 0.0484375 0.33671875 0.0171875 0.03125
1 0.04921875 0.3171875 0.02421875 0.015625
0 0.30234375 0.4390625 0.03984375 0.05390625
1 0.33359375 0.43515625 0.02578125 0.0328125
1 0.4359375 0.36328125 0.07421875 0.0921875
1 0.68046875 0.36953125 0.028125 0.04296875
0 0.47265625 0.52734375 0.12109375 0.171875