2 0.6859375 0.48828125 0.0796875 0.16875
2 0.45078125 0.62890625 0.3 0.6296875
2 0.803125 0.5203125 0.0796875 0.1671875
2 0.31796875 0.41953125 0.090625 0.1390625
2 0.10703125 0.23125 0.0390625 0.0671875
0 0.81484375 0.5 0.0609375 0.075
1 0.821875 0.4609375 0.034375 0.0359375
0 0.10625 0.22578125 0.025 0.034375
1 0.11171875 0.20703125 0.028125 0.021875
0 0.325 0.38984375 0.053125 0.0625
1 0.35625 0.39453125 0.0328125 0.0390625
1 0.4734375 0.3515625 0.0953125 0.1078125
1 0.7078125 0.4203125 0.0390625 0.0484375
0 0.46640625 0.51953125 0.1609375 0.196875