2 0.68515625 0.47890625 0.071875 0.16875
2 0.4578125 0.63125 0.271875 0.6296875
2 0.80390625 0.5046875 0.071875 0.1671875
2 0.3140625 0.42890625 0.084375 0.1375
2 0.09375 0.25234375 0.0359375 0.065625
0 0.8140625 0.48359375 0.0578125 0.0734375
1 0.81953125 0.44375 0.0328125 0.034375
0 0.0921875 0.24609375 0.0234375 0.034375
1 0.096875 0.22734375 0.0265625 0.0203125
0 0.31953125 0.39921875 0.05 0.0609375
1 0.35078125 0.40234375 0.0328125 0.0375
1 0.465625 0.353125 0.0921875 0.10625
1 0.70390625 0.41015625 0.0359375 0.0484375
0 0.4671875 0.52109375 0.1546875 0.19375