2 0.853125 0.6765625 0.1625 0.646875
2 0.76171875 0.6734375 0.1171875 0.653125
2 0.69765625 0.66875 0.1234375 0.6625
2 0.63359375 0.6640625 0.1234375 0.671875
2 0.5578125 0.66484375 0.128125 0.6671875
2 0.4859375 0.6625 0.11875 0.66875
2 0.428125 0.66328125 0.1140625 0.6671875
2 0.37265625 0.653125 0.13125 0.6578125
2 0.3046875 0.65234375 0.1171875 0.65625
2 0.23046875 0.64375 0.1234375 0.678125
2 0.15703125 0.62890625 0.11875 0.6671875
1 0.84765625 0.39609375 0.0734375 0.078125
1 0.7765625 0.40546875 0.075 0.075
1 0.709375 0.40078125 0.053125 0.0609375
1 0.640625 0.40390625 0.0609375 0.0703125
1 0.57578125 0.39140625 0.0578125 0.0625
1 0.44140625 0.42109375 0.0546875 0.065625
1 0.5015625 0.41640625 0.0609375 0.0578125
1 0.32265625 0.37578125 0.053125 0.0625
1 0.384375 0.3765625 0.05625 0.06875
1 0.26328125 0.340625 0.0578125 0.06875
1 0.19609375 0.33046875 0.0625 0.071875
0 0.84921875 0.625 0.1125 0.290625
0 0.76640625 0.6046875 0.0890625 0.253125
0 0.69609375 0.5921875 0.0984375 0.246875
0 0.628125 0.59609375 0.0984375 0.2546875
0 0.55625 0.58671875 0.1109375 0.2515625
0 0.490625 0.6125 0.10625 0.24375
0 0.4296875 0.60859375 0.096875 0.253125
0 0.36953125 0.57265625 0.103125 0.2609375
0 0.3109375 0.56640625 0.1015625 0.2578125
0 0.24296875 0.55546875 0.103125 0.2875
0 0.16875 0.52265625 0.1109375 0.2828125