2 0.81953125 0.70234375 0.2640625 0.5953125
2 0.73046875 0.69375 0.2203125 0.6125
2 0.66796875 0.68359375 0.2265625 0.6328125
2 0.60625 0.67421875 0.228125 0.6515625
2 0.53203125 0.66953125 0.2296875 0.6609375
2 0.4609375 0.65859375 0.2203125 0.6640625
2 0.40390625 0.65 0.215625 0.6625
2 0.35 0.63125 0.2296875 0.65625
2 0.2828125 0.61953125 0.215625 0.6515625
2 0.21171875 0.6 0.2265625 0.675
2 0.14140625 0.5734375 0.2203125 0.6625
1 0.86015625 0.4515625 0.0828125 0.0875
1 0.78828125 0.45 0.084375 0.084375
1 0.72265625 0.43515625 0.0609375 0.0671875
1 0.65390625 0.42734375 0.0703125 0.078125
1 0.59140625 0.4046875 0.065625 0.06875
1 0.4546875 0.4125 0.0640625 0.071875
1 0.51484375 0.41796875 0.0671875 0.065625
1 0.34375 0.34921875 0.0609375 0.06875
1 0.4046875 0.36015625 0.065625 0.075
1 0.29140625 0.30625 0.0671875 0.0765625
1 0.2265625 0.28515625 0.071875 0.0796875
0 0.825 0.678125 0.1546875 0.2984375
0 0.746875 0.6453125 0.1265625 0.2578125
0 0.6796875 0.621875 0.1328125 0.253125
0 0.61171875 0.61484375 0.1359375 0.2625
0 0.5421875 0.59453125 0.146875 0.2609375
0 0.4734375 0.609375 0.1421875 0.253125
0 0.41328125 0.59609375 0.1328125 0.259375
0 0.36015625 0.55078125 0.140625 0.26875
0 0.303125 0.53671875 0.1390625 0.265625
0 0.2375 0.51484375 0.1453125 0.29375
0 0.16953125 0.47109375 0.1515625 0.290625