2 0.86640625 0.665625 0.11640625 0.66875
2 0.77421875 0.66484375 0.07109375 0.6703125
2 0.71015625 0.6625 0.0765625 0.675
2 0.64609375 0.66015625 0.0765625 0.6796875
2 0.56953125 0.66015625 0.08203125 0.66328125
2 0.49765625 0.66328125 0.07265625 0.66484375
2 0.43984375 0.66796875 0.0671875 0.6640625
2 0.38359375 0.66171875 0.08515625 0.653125
2 0.315625 0.665625 0.07109375 0.65234375
2 0.24140625 0.6625 0.0765625 0.675
2 0.1671875 0.65234375 0.07265625 0.66328125
1 0.83984375 0.371875 0.06796875 0.07421875
1 0.76953125 0.38671875 0.06953125 0.07109375
1 0.70234375 0.38671875 0.05 0.05703125
1 0.63359375 0.39453125 0.05703125 0.06640625
1 0.56796875 0.38671875 0.05390625 0.05859375
1 0.4359375 0.425 0.05078125 0.0625
1 0.49609375 0.41640625 0.05703125 0.05390625
1 0.3140625 0.38828125 0.0484375 0.05859375
1 0.37578125 0.38515625 0.05234375 0.065625
1 0.253125 0.3578125 0.05390625 0.065625
1 0.18515625 0.35234375 0.05859375 0.06796875
0 0.85703125 0.6 0.0921875 0.28515625
0 0.7734375 0.5859375 0.07265625 0.2484375
0 0.70234375 0.578125 0.08125 0.24140625
0 0.634375 0.58671875 0.08125 0.25
0 0.5625 0.5828125 0.09375 0.24609375
0 0.4984375 0.6125 0.090625 0.23828125
0 0.4375 0.61328125 0.0796875 0.2484375
0 0.375 0.58125 0.08515625 0.25546875
0 0.31640625 0.5796875 0.08359375 0.253125
0 0.24765625 0.5734375 0.08359375 0.2828125
0 0.17109375 0.54609375 0.0921875 0.27734375