0 0.29453125 0.38359375 0.0625 0.14765625
1 0.2515625 0.28671875 0.03828125 0.0328125
2 0.21796875 0.540625 0.24140625 0.715625
1 0.30703125 0.26953125 0.03828125 0.0375
2 0.25 0.43125 0.05390625 0.26484375
2 0.59296875 0.4484375 0.0890625 0.36328125
2 0.51171875 0.4203125 0.06953125 0.31015625
2 0.74609375 0.5671875 0.12578125 0.2671875
2 0.64296875 0.71484375 0.24296875 0.4171875
0 0.71796875 0.69453125 0.109375 0.175
1 0.721875 0.4625 0.065625 0.06640625
1 0.68046875 0.55390625 0.08828125 0.09921875