2 0.76171875 0.83828125 0.2140625 0.3234375
2 0.54140625 0.65546875 0.21875 0.6578125
2 0.36640625 0.5609375 0.121875 0.4015625
2 0.28125 0.5453125 0.1078125 0.4140625
2 0.1359375 0.6890625 0.1359375 0.43125
2 0.05078125 0.58984375 0.1015625 0.4171875
1 0.79140625 0.7203125 0.0953125 0.0875
1 0.603125 0.371875 0.0984375 0.0859375
1 0.3015625 0.37265625 0.053125 0.0578125
1 0.365625 0.38359375 0.0546875 0.05625
0 0.11953125 0.61953125 0.0890625 0.1671875
1 0.1453125 0.5265625 0.0625 0.05625
1 0.0671875 0.4140625 0.0578125 0.0609375
0 0.0578125 0.5203125 0.0953125 0.1359375
0 0.2828125 0.48984375 0.0984375 0.146875
0 0.36875 0.4953125 0.125 0.1484375
0 0.54375 0.5578125 0.1578125 0.2609375
0 0.71640625 0.85625 0.1546875 0.2078125