2 0.82421875 0.79375 0.2296875 0.353125
2 0.5703125 0.64453125 0.2515625 0.6640625
2 0.38046875 0.58515625 0.140625 0.4046875
2 0.29375 0.5859375 0.1296875 0.4171875
2 0.17890625 0.75546875 0.1578125 0.434375
2 0.07265625 0.67421875 0.13125 0.4203125
1 0.828125 0.66015625 0.0984375 0.0921875
1 0.5765625 0.3546875 0.103125 0.090625
1 0.28046875 0.4125 0.05625 0.059375
1 0.34609375 0.4109375 0.05625 0.0578125
0 0.14921875 0.68984375 0.096875 0.1703125
1 0.15703125 0.59375 0.0640625 0.059375
1 0.059375 0.4984375 0.0609375 0.0625
0 0.06953125 0.60390625 0.1015625 0.140625
0 0.28515625 0.53125 0.1046875 0.15
0 0.3703125 0.5203125 0.13125 0.153125
0 0.55390625 0.5484375 0.1703125 0.2671875
0 0.78046875 0.80859375 0.1640625 0.215625