2 0.7859375 0.83125 0.19140625 0.33203125
2 0.55234375 0.65234375 0.1734375 0.64765625
2 0.37109375 0.5703125 0.09375 0.39609375
2 0.28515625 0.56015625 0.0796875 0.41015625
2 0.15 0.7140625 0.10625 0.425
2 0.0546875 0.62109375 0.08125 0.41328125
1 0.80625 0.69921875 0.08984375 0.08203125
1 0.59375 0.36484375 0.09375 0.0796875
1 0.29296875 0.38671875 0.05 0.05390625
1 0.3578125 0.39296875 0.05078125 0.05234375
0 0.12890625 0.64609375 0.078125 0.16171875
1 0.1484375 0.5515625 0.05859375 0.05234375
1 0.0625 0.44453125 0.05390625 0.05703125
0 0.06015625 0.55078125 0.08671875 0.13046875
0 0.2828125 0.5046875 0.08828125 0.140625
0 0.36875 0.5046875 0.11484375 0.140625
0 0.54765625 0.5546875 0.140625 0.2515625
0 0.740625 0.840625 0.140625 0.19921875