2 0.86328125 0.5359375 0.2328125 0.92734375
2 0.27421875 0.44140625 0.153125 0.59375
2 0.2265625 0.821875 0.23125 0.35625
2 0.53515625 0.725 0.20859375 0.41875
2 0.68984375 0.4171875 0.1125 0.47578125
2 0.740625 0.3953125 0.12109375 0.68046875
2 0.4546875 0.31640625 0.05078125 0.2640625
1 0.3 0.18671875 0.10234375 0.12109375
1 0.2546875 0.684375 0.10625 0.11328125
1 0.4671875 0.215625 0.0453125 0.05390625
1 0.7265625 0.0953125 0.10625 0.13046875
1 0.82578125 0.11015625 0.14921875 0.16015625
1 0.6765625 0.2390625 0.10625 0.140625
1 0.51953125 0.55859375 0.10625 0.09921875
0 0.26953125 0.49375 0.16796875 0.38203125
0 0.19453125 0.8984375 0.13359375 0.203125
0 0.878125 0.534375 0.19609375 0.471875
0 0.74765625 0.44921875 0.08984375 0.40078125
0 0.67421875 0.47734375 0.05546875 0.278125
0 0.525 0.68359375 0.16328125 0.12890625
0 0.45234375 0.3265625 0.0609375 0.125