2 0.86171875 0.5171875 0.2765625 0.9375
2 0.27109375 0.453125 0.184375 0.6015625
2 0.24375 0.82578125 0.25 0.3484375
2 0.546875 0.72265625 0.2296875 0.4296875
2 0.68515625 0.40703125 0.1375 0.48125
2 0.73515625 0.3828125 0.15625 0.6859375
2 0.4453125 0.31875 0.0640625 0.265625
1 0.28359375 0.19765625 0.1078125 0.1265625
1 0.26484375 0.696875 0.1125 0.11875
1 0.45234375 0.21796875 0.0484375 0.05625
1 0.7046875 0.084375 0.1125 0.1359375
1 0.8046875 0.09375 0.1578125 0.1671875
1 0.6625 0.23046875 0.1140625 0.1453125
1 0.52265625 0.5578125 0.1109375 0.1046875
0 0.26953125 0.50546875 0.1875 0.390625
0 0.215625 0.9046875 0.14375 0.190625
0 0.8796875 0.51484375 0.2203125 0.48125
0 0.74453125 0.4359375 0.1109375 0.4046875
0 0.67265625 0.46796875 0.0703125 0.28125
0 0.534375 0.68203125 0.1703125 0.1375
0 0.44296875 0.32890625 0.0671875 0.128125