2 0.828125 0.5609375 0.34375 0.878125
2 0.2875 0.403125 0.253125 0.6109375
2 0.175 0.76953125 0.2890625 0.390625
2 0.4953125 0.72734375 0.278125 0.4484375
2 0.7015625 0.4515625 0.19375 0.4875
2 0.75546875 0.4390625 0.2375 0.690625
2 0.4875 0.3109375 0.0953125 0.26875
1 0.3578125 0.15703125 0.121875 0.1375
1 0.2265625 0.6390625 0.125 0.1296875
1 0.5171875 0.2140625 0.0546875 0.0609375
1 0.79375 0.140625 0.1265625 0.146875
1 0.88828125 0.17265625 0.175 0.184375
1 0.71953125 0.2734375 0.1296875 0.15625
1 0.509375 0.5609375 0.121875 0.115625
0 0.27421875 0.45390625 0.23125 0.4046875
0 0.1296875 0.8390625 0.1671875 0.2234375
0 0.8640625 0.59921875 0.271875 0.4984375
0 0.75234375 0.49296875 0.1578125 0.4109375
0 0.67578125 0.5078125 0.103125 0.2828125
0 0.49296875 0.68515625 0.1828125 0.1546875
0 0.4828125 0.32109375 0.08125 0.134375