2 0.86875 0.75625 0.1609375 0.4796875
2 0.28671875 0.66875 0.33203125 0.66015625
2 0.1046875 0.7125 0.13671875 0.571875
2 0.60859375 0.6546875 0.30234375 0.67421875
2 0.446875 0.6890625 0.11796875 0.3375
1 0.64375 0.409375 0.19296875 0.1734375
1 0.86484375 0.5453125 0.06796875 0.06796875
1 0.2328125 0.41640625 0.159375 0.14765625
1 0.0984375 0.4671875 0.10078125 0.090625
1 0.4296875 0.54375 0.07265625 0.0625
0 0.86328125 0.703125 0.140625 0.2015625
0 0.6515625 0.8046875 0.19765625 0.390625
0 0.22734375 0.790625 0.1734375 0.39375
0 0.09765625 0.73125 0.11640625 0.4234375