2 0.89375 0.70859375 0.2125 0.4953125
2 0.3078125 0.67265625 0.409375 0.6546875
2 0.13359375 0.73359375 0.2046875 0.5328125
2 0.6265625 0.640625 0.3828125 0.70625
2 0.4703125 0.69375 0.1578125 0.35
1 0.63125 0.3921875 0.2125 0.1953125
1 0.86796875 0.50078125 0.075 0.075
1 0.225 0.44921875 0.1765625 0.165625
1 0.09765625 0.51640625 0.1109375 0.1015625
1 0.43515625 0.55234375 0.0796875 0.0703125
0 0.88515625 0.65703125 0.1640625 0.2171875
0 0.6875 0.78359375 0.24375 0.4125
0 0.26484375 0.8078125 0.2203125 0.384375
0 0.12890625 0.77890625 0.1671875 0.434375