2 0.40234375 0.62734375 0.2140625 0.7453125
2 0.64921875 0.6875 0.26953125 0.625
2 0.66640625 0.64453125 0.2296875 0.68828125
2 0.846875 0.6890625 0.159375 0.54140625
0 0.415625 0.51484375 0.14609375 0.27109375
0 0.66796875 0.4984375 0.1859375 0.24140625
0 0.871875 0.5796875 0.13046875 0.24140625
1 0.39921875 0.29296875 0.08203125 0.08828125
1 0.66015625 0.35703125 0.075 0.09765625
1 0.5359375 0.47109375 0.08359375 0.1265625
1 0.7921875 0.47265625 0.05859375 0.11640625
1 0.978125 0.315625 0.04375 0.125