2 0.44609375 0.334375 0.25625 0.4703125
1 0.40546875 0.15546875 0.1359375 0.128125
1 0.74296875 0.096875 0.078125 0.08125
1 0.5546875 0.1765625 0.0921875 0.0921875
1 0.8078125 0.0828125 0.115625 0.1203125
1 0.6484375 0.09609375 0.0828125 0.0828125
1 0.28359375 0.24375 0.0796875 0.0921875
1 0.88046875 0.11875 0.046875 0.0484375
1 0.9234375 0.1578125 0.0578125 0.078125
2 0.77734375 0.41328125 0.2453125 0.7
2 0.60625 0.43359375 0.24375 0.590625
2 0.85078125 0.44609375 0.2984375 0.8546875
2 0.69296875 0.38828125 0.2375 0.6484375
2 0.48359375 0.25703125 0.11875 0.1765625
2 0.30390625 0.3109375 0.121875 0.1859375
2 0.934375 0.49453125 0.13125 0.7390625
2 0.8953125 0.175 0.0765625 0.1484375
2 0.884375 0.1765625 0.0375 0.0640625
1 0.45078125 0.17265625 0.0484375 0.0671875
2 0.29453125 0.59140625 0.1796875 0.3609375
2 0.45234375 0.6953125 0.3765625 0.609375