2 0.434375 0.33828125 0.284375 0.4765625
1 0.38125 0.16328125 0.1421875 0.134375
1 0.7140625 0.08125 0.0828125 0.0859375
1 0.53203125 0.1734375 0.0953125 0.096875
1 0.778125 0.0625 0.1203125 0.125
1 0.6203125 0.08671875 0.0859375 0.0875
1 0.26640625 0.259375 0.084375 0.0953125
1 0.85234375 0.09296875 0.05 0.05
1 0.8984375 0.12890625 0.0625 0.0796875
2 0.7703125 0.39375 0.290625 0.7
2 0.6015625 0.4265625 0.28125 0.5921875
2 0.83515625 0.4234375 0.3296875 0.846875
2 0.684375 0.375 0.2796875 0.6484375
2 0.46640625 0.25859375 0.128125 0.18125
2 0.29140625 0.325 0.1328125 0.190625
2 0.92109375 0.46171875 0.1578125 0.7328125
2 0.871875 0.14765625 0.0859375 0.15
2 0.8609375 0.15078125 0.040625 0.065625
1 0.428125 0.1765625 0.0515625 0.06875
2 0.3015625 0.60546875 0.2015625 0.3640625
2 0.46640625 0.69375 0.4140625 0.6125