2 0.47578125 0.32734375 0.18125 0.4453125
1 0.46640625 0.14453125 0.11875 0.10859375
1 0.809375 0.1453125 0.0671875 0.07109375
1 0.61015625 0.190625 0.07890625 0.08046875
1 0.87578125 0.14296875 0.0984375 0.1046875
1 0.71640625 0.128125 0.07109375 0.071875
1 0.33125 0.21015625 0.06640625 0.08125
1 0.940625 0.190625 0.040625 0.0421875
1 0.9765625 0.23671875 0.046875 0.07109375
2 0.78828125 0.4625 0.12734375 0.6890625
2 0.61640625 0.453125 0.14609375 0.57421875
2 0.88515625 0.51328125 0.21796875 0.82890625
2 0.709375 0.4234375 0.12890625 0.6359375
2 0.52578125 0.2578125 0.09140625 0.16328125
2 0.33984375 0.2796875 0.09375 0.17265625
2 0.9625 0.5765625 0.07265625 0.7375
2 0.94609375 0.2484375 0.05234375 0.1421875
2 0.934375 0.2484375 0.02734375 0.06015625
1 0.50859375 0.16875 0.03828125 0.06171875
2 0.28203125 0.5546875 0.12109375 0.3453125
2 0.41640625 0.69921875 0.2765625 0.6015625