2 0.3453125 0.66875 0.1828125 0.5296875
2 0.23359375 0.64296875 0.134375 0.428125
2 0.44453125 0.70234375 0.190625 0.5703125
2 0.0421875 0.575 0.084375 0.13125
2 0.67578125 0.72109375 0.178125 0.534375
2 0.5671875 0.6984375 0.1609375 0.5140625
1 0.70625 0.475 0.0578125 0.065625
1 0.59375 0.46171875 0.065625 0.0625
1 0.43359375 0.4546875 0.0609375 0.06875
1 0.48203125 0.45078125 0.053125 0.0515625
1 0.35546875 0.43515625 0.0734375 0.0671875
0 0.23046875 0.53984375 0.1140625 0.178125
1 0.26171875 0.4203125 0.059375 0.059375
0 0.3515625 0.56875 0.128125 0.1875
0 0.46015625 0.596875 0.1453125 0.1671875
0 0.56484375 0.603125 0.125 0.203125
0 0.68125 0.62734375 0.146875 0.2140625
0 0.0453125 0.56015625 0.0609375 0.0515625
1 0.02265625 0.52890625 0.0296875 0.0375