2 0.3671875 0.6859375 0.12109375 0.51875
2 0.253125 0.67421875 0.08359375 0.42109375
2 0.46953125 0.7078125 0.1234375 0.56015625
2 0.053125 0.63046875 0.07421875 0.1234375
2 0.7015625 0.69765625 0.11484375 0.525
2 0.590625 0.6890625 0.1 0.50625
1 0.7015625 0.45 0.05078125 0.059375
1 0.58828125 0.45078125 0.059375 0.05546875
1 0.42890625 0.46328125 0.05390625 0.0625
1 0.47578125 0.453125 0.0484375 0.0453125
1 0.3484375 0.453125 0.06640625 0.059375
0 0.2375 0.57265625 0.09375 0.16796875
1 0.25390625 0.45 0.05390625 0.05390625
0 0.3609375 0.58671875 0.1078125 0.17578125
0 0.471875 0.60078125 0.128125 0.153125
0 0.5765625 0.59453125 0.10234375 0.19140625
0 0.6953125 0.6046875 0.1234375 0.2
0 0.05625 0.61484375 0.05546875 0.0453125
1 0.0296875 0.58671875 0.02578125 0.034375