2 0.32890625 0.6515625 0.234375 0.5328125
2 0.2203125 0.6140625 0.1765625 0.4296875
2 0.4234375 0.6953125 0.246875 0.5734375
2 0.0421875 0.5265625 0.084375 0.1375
2 0.65078125 0.734375 0.2296875 0.53125
2 0.54609375 0.7046875 0.2109375 0.515625
1 0.7078125 0.496875 0.0625 0.06875
1 0.596875 0.471875 0.0703125 0.0671875
1 0.4390625 0.4484375 0.0671875 0.0734375
1 0.48671875 0.44921875 0.0578125 0.0546875
1 0.3625 0.4203125 0.078125 0.0734375
0 0.228125 0.51171875 0.1296875 0.184375
1 0.27109375 0.39609375 0.0640625 0.0640625
0 0.3453125 0.553125 0.1453125 0.1953125
0 0.45 0.5921875 0.159375 0.178125
0 0.553125 0.609375 0.1421875 0.209375
0 0.66640625 0.64609375 0.165625 0.221875
0 0.04140625 0.51171875 0.0640625 0.05625
1 0.021875 0.47890625 0.0328125 0.0390625