2 0.309375 0.615625 0.465625 0.76875
2 0.06953125 0.55703125 0.1390625 0.8515625
2 0.55078125 0.5609375 0.2984375 0.6875
0 0.55703125 0.5875 0.26484375 0.403125
1 0.2359375 0.27421875 0.08828125 0.075
1 0.709375 0.2765625 0.09296875 0.10078125
1 0.621875 0.31015625 0.1515625 0.159375
1 0.440625 0.32109375 0.15703125 0.18046875
1 0.8453125 0.3671875 0.25234375 0.196875
2 0.70625 0.4265625 0.11953125 0.415625
2 0.78125 0.63125 0.4375 0.7375
1 0.1234375 0.1671875 0.16796875 0.15078125
2 0.24140625 0.2953125 0.0828125 0.11484375
1 0.61875 0.05078125 0.14375 0.1
1 0.709375 0.05625 0.0921875 0.1015625
1 0.23671875 0.05703125 0.08828125 0.0765625
1 0.4328125 0.0515625 0.1671875 0.1015625