2 0.3171875 0.6140625 0.51875 0.771875
2 0.08671875 0.578125 0.1734375 0.84375
2 0.5546875 0.55703125 0.3453125 0.70625
0 0.56328125 0.58359375 0.2921875 0.4203125
1 0.22109375 0.29296875 0.09375 0.08125
1 0.69296875 0.2625 0.1 0.10625
1 0.60859375 0.30234375 0.1625 0.1703125
1 0.428125 0.32578125 0.16875 0.190625
1 0.83515625 0.34375 0.265625 0.2140625
2 0.70078125 0.4125 0.1484375 0.4234375
2 0.77265625 0.6109375 0.4546875 0.765625
1 0.10078125 0.19453125 0.178125 0.1625
2 0.228125 0.3140625 0.090625 0.1203125
1 0.5875 0.04921875 0.15 0.0984375
1 0.67734375 0.0484375 0.0984375 0.096875
1 0.20625 0.0765625 0.09375 0.0828125
1 0.4015625 0.05703125 0.1734375 0.1125