2 0.334375 0.6140625 0.603125 0.771875
2 0.11875 0.603125 0.2375 0.79375
2 0.56171875 0.55 0.4234375 0.73125
0 0.57265625 0.575 0.3375 0.446875
1 0.19765625 0.32890625 0.1015625 0.090625
1 0.66328125 0.240625 0.1109375 0.1171875
1 0.58359375 0.290625 0.1796875 0.1859375
1 0.4078125 0.3359375 0.1890625 0.2078125
1 0.81328125 0.30390625 0.2859375 0.2421875
2 0.68828125 0.38828125 0.196875 0.43125
2 0.7578125 0.57421875 0.484375 0.8078125
1 0.08203125 0.24453125 0.1640625 0.1796875
2 0.20703125 0.3484375 0.103125 0.128125
1 0.53046875 0.04921875 0.1609375 0.0984375
1 0.6203125 0.04140625 0.109375 0.0828125
1 0.15703125 0.115625 0.1015625 0.0921875
1 0.3484375 0.07265625 0.1828125 0.13125