2 0.8546875 0.57578125 0.08984375 0.3625
2 0.38359375 0.57890625 0.1390625 0.39375
2 0.278125 0.57890625 0.08515625 0.35078125
2 0.21953125 0.46953125 0.05546875 0.15234375
0 0.85625 0.4953125 0.096875 0.1265625
1 0.84375 0.4125 0.03984375 0.03828125
1 0.3640625 0.39375 0.05234375 0.0453125
0 0.22265625 0.44921875 0.059375 0.06953125
1 0.2234375 0.41015625 0.0328125 0.02734375
0 0.2765625 0.49375 0.07265625 0.12109375
1 0.27734375 0.41015625 0.05390625 0.05078125
0 0.37109375 0.5375 0.125 0.19140625