2 0.4828125 0.68515625 0.04296875 0.21171875
0 0.48828125 0.72578125 0.03828125 0.1421875
2 0.33203125 0.87421875 0.1546875 0.2515625
2 0.0796875 0.81328125 0.159375 0.3703125
2 0.33984375 0.66015625 0.034375 0.1375
2 0.38203125 0.65703125 0.0453125 0.10625
2 0.53125 0.70078125 0.090625 0.20625
2 0.59375 0.8140625 0.128125 0.371875
2 0.76171875 0.82890625 0.1578125 0.3421875
2 0.92578125 0.84609375 0.1484375 0.3046875
2 0.9609375 0.69375 0.05546875 0.1546875
2 0.98125 0.7046875 0.03671875 0.0765625