2 0.11640625 0.51171875 0.13671875 0.328125
2 0.41640625 0.50859375 0.1890625 0.359375
2 0.83671875 0.49765625 0.1703125 0.3734375
2 0.25234375 0.515625 0.1421875 0.3375
2 0.58671875 0.5203125 0.14375 0.35703125
1 0.0984375 0.4828125 0.05859375 0.08203125
1 0.2109375 0.4296875 0.0640625 0.0921875
1 0.35703125 0.4765625 0.05 0.075
1 0.60859375 0.46171875 0.05859375 0.08828125
1 0.88828125 0.403125 0.06953125 0.1078125
2 0.77421875 0.390625 0.04296875 0.1734375
1 0.76328125 0.30625 0.01875 0.02734375