2 0.090625 0.62578125 0.18125 0.7484375
2 0.66640625 0.48359375 0.18828125 0.51328125
1 0.09765625 0.2875 0.11484375 0.09765625
1 0.6796875 0.2515625 0.12109375 0.08828125
2 0.85546875 0.59140625 0.21171875 0.203125
1 0.80234375 0.52734375 0.09375 0.07265625
2 0.853125 0.78515625 0.29375 0.4265625
1 0.79296875 0.61328125 0.12890625 0.0921875
0 0.07734375 0.43828125 0.1546875 0.20625
0 0.6765625 0.39375 0.140625 0.1734375
0 0.88515625 0.82890625 0.190625 0.29140625
0 0.8984375 0.61953125 0.14375 0.15078125