2 0.86328125 0.565625 0.17109375 0.78984375
2 0.15859375 0.51875 0.18828125 0.68671875
2 0.6609375 0.5671875 0.18828125 0.79453125
2 0.3640625 0.4421875 0.11171875 0.51796875
2 0.509375 0.49921875 0.1359375 0.71484375
2 0.74609375 0.515625 0.11015625 0.66953125
0 0.0875 0.253125 0.05546875 0.0796875
2 0.08125 0.22578125 0.065625 0.14453125
1 0.1390625 0.2046875 0.08203125 0.0765625
1 0.0859375 0.17578125 0.05859375 0.059375
1 0.35 0.21171875 0.06640625 0.0625
1 0.5015625 0.17265625 0.07109375 0.0921875
0 0.55859375 0.34765625 0.06640625 0.19609375
2 0.61875 0.2625 0.0328125 0.1109375
1 0.62265625 0.2328125 0.0328125 0.05703125
1 0.6625 0.22265625 0.0640625 0.10078125
1 0.734375 0.2203125 0.059375 0.0796875
1 0.90390625 0.21484375 0.08359375 0.09921875
2 0.446875 0.4046875 0.0640625 0.403125
2 0.56640625 0.33125 0.05859375 0.27265625
2 0.84765625 0.2265625 0.0609375 0.1578125
1 0.46015625 0.228125 0.0484375 0.05234375
1 0.56484375 0.21875 0.046875 0.05078125
1 0.86171875 0.159375 0.02734375 0.03671875
0 0.13984375 0.39375 0.14921875 0.2328125
0 0.34921875 0.38515625 0.09375 0.21328125
0 0.5 0.3953125 0.096875 0.25390625
0 0.4421875 0.3703125 0.04375 0.175
0 0.665625 0.4484375 0.1375 0.31640625
0 0.74609375 0.40625 0.10390625 0.22421875