2 0.8546875 0.60078125 0.253125 0.7984375
2 0.15859375 0.4828125 0.259375 0.703125
2 0.653125 0.58359375 0.2703125 0.809375
2 0.37109375 0.428125 0.165625 0.5265625
2 0.509375 0.5 0.209375 0.725
2 0.74296875 0.54140625 0.1796875 0.678125
0 0.115625 0.21171875 0.0640625 0.084375
2 0.1125 0.18359375 0.0796875 0.15
1 0.171875 0.16875 0.0890625 0.084375
1 0.121875 0.134375 0.0640625 0.065625
1 0.38125 0.19765625 0.071875 0.06875
1 0.5359375 0.175 0.0796875 0.0984375
0 0.57421875 0.3546875 0.0859375 0.2015625
2 0.64296875 0.2765625 0.04375 0.1140625
1 0.65 0.246875 0.0390625 0.059375
1 0.690625 0.24140625 0.075 0.10625
1 0.7625 0.24609375 0.0671875 0.0859375
1 0.93125 0.25859375 0.09375 0.1078125
2 0.45703125 0.4 0.10625 0.4078125
2 0.58359375 0.3390625 0.0875 0.2765625
2 0.87421875 0.2640625 0.0765625 0.1640625
1 0.4890625 0.22578125 0.053125 0.0578125
1 0.59375 0.22734375 0.0515625 0.0546875
1 0.8953125 0.19921875 0.03125 0.0390625
0 0.153125 0.35703125 0.1734375 0.246875
0 0.36171875 0.3703125 0.115625 0.221875
0 0.5109375 0.39609375 0.1234375 0.2625
0 0.45625 0.36484375 0.0625 0.178125
0 0.6703125 0.46640625 0.1703125 0.3296875
0 0.7546875 0.4328125 0.1265625 0.234375