2 0.8515625 0.48828125 0.296875 0.8078125
2 0.1703125 0.5890625 0.3265625 0.7109375
2 0.67109375 0.53203125 0.35 0.815625
2 0.3546875 0.471875 0.2171875 0.5296875
2 0.509375 0.49765625 0.28125 0.728125
2 0.74375 0.4640625 0.246875 0.678125
0 0.0453125 0.34453125 0.0703125 0.0890625
2 0.03984375 0.31796875 0.0796875 0.1546875
1 0.0859375 0.2859375 0.096875 0.0921875
1 0.03125 0.26796875 0.0625 0.0703125
1 0.29296875 0.24921875 0.078125 0.075
1 0.43359375 0.1796875 0.0890625 0.1046875
0 0.52578125 0.3390625 0.10625 0.20625
2 0.56640625 0.24296875 0.0546875 0.115625
1 0.5640625 0.21328125 0.04375 0.0625
1 0.6015625 0.1953125 0.084375 0.1125
1 0.67109375 0.17734375 0.075 0.090625
1 0.8359375 0.13671875 0.103125 0.1140625
2 0.428125 0.41796875 0.146875 0.4078125
2 0.5296875 0.32109375 0.1140625 0.278125
2 0.78359375 0.16015625 0.0921875 0.1671875
1 0.4046875 0.2421875 0.0578125 0.0609375
1 0.5046875 0.21171875 0.05625 0.059375
1 0.7828125 0.09140625 0.034375 0.0421875
0 0.12578125 0.47109375 0.19375 0.259375
0 0.32890625 0.41875 0.1359375 0.228125
0 0.478125 0.39765625 0.146875 0.26875
0 0.41640625 0.38515625 0.0796875 0.1796875
0 0.6515625 0.41484375 0.2 0.3375
0 0.72109375 0.35703125 0.1484375 0.240625