1 0.5234375 0.2453125 0.1203125 0.1140625
2 0.27578125 0.5234375 0.3109375 0.6921875
1 0.32421875 0.24453125 0.1 0.0890625
2 0.85234375 0.62265625 0.2953125 0.7328125
1 0.93125 0.33515625 0.1015625 0.09375
2 0.66875 0.621875 0.3328125 0.665625
1 0.73125 0.36484375 0.096875 0.0859375
2 0.13828125 0.4984375 0.2765625 0.69375
1 0.1953125 0.215625 0.0875 0.078125
2 0.46328125 0.553125 0.3734375 0.7390625
0 0.66953125 0.64453125 0.26875 0.384375
0 0.1296875 0.4734375 0.2171875 0.334375
0 0.27578125 0.54609375 0.225 0.3828125
0 0.8828125 0.625 0.234375 0.36875