1 0.4703125 0.24609375 0.10234375 0.0953125
2 0.28515625 0.56953125 0.17578125 0.6703125
1 0.275 0.28671875 0.0875 0.071875
2 0.89609375 0.5421875 0.2046875 0.70625
1 0.8875 0.24921875 0.0875 0.0765625
2 0.690625 0.584375 0.2046875 0.6375
1 0.6984375 0.31953125 0.084375 0.0703125
2 0.125 0.57890625 0.1875 0.66875
1 0.14296875 0.28515625 0.07578125 0.0640625
2 0.475 0.559375 0.23125 0.70625
0 0.69609375 0.60625 0.20078125 0.35078125
0 0.13203125 0.55078125 0.15625 0.30859375
0 0.28984375 0.59140625 0.153125 0.359375
0 0.9046875 0.5421875 0.17578125 0.33984375