2 0.41640625 0.46875 0.484375 0.875
2 0.66875 0.4484375 0.571875 0.896875
2 0.9140625 0.21484375 0.1125 0.296875
2 0.0390625 0.44375 0.078125 0.453125
2 0.86015625 0.2734375 0.0875 0.1640625
2 0.19296875 0.36640625 0.10625 0.30625
2 0.14609375 0.409375 0.121875 0.3234375
0 0.7890625 0.27578125 0.0796875 0.0953125
2 0.7875 0.27734375 0.071875 0.1453125
0 0.57578125 0.30234375 0.2203125 0.315625
0 0.34921875 0.3859375 0.29375 0.3984375
0 0.0296875 0.38828125 0.059375 0.1890625
0 0.13984375 0.37890625 0.0796875 0.1515625
0 0.17734375 0.33125 0.084375 0.1390625
0 0.85078125 0.26875 0.059375 0.0859375
0 0.90234375 0.18125 0.0921875 0.1296875
2 0.4171875 0.29296875 0.09375 0.203125
0 0.41875 0.28671875 0.065625 0.090625
1 0.00703125 0.23828125 0.0140625 0.0640625
1 0.1203125 0.27578125 0.0421875 0.040625
1 0.16015625 0.23125 0.046875 0.05
1 0.265625 0.1015625 0.115625 0.10625
1 0.40234375 0.20625 0.03125 0.0375
1 0.534375 0.05625 0.14375 0.1125
1 0.77734375 0.22109375 0.0359375 0.0328125
1 0.88671875 0.08671875 0.053125 0.065625
1 0.84140625 0.20859375 0.034375 0.0359375