2 0.42109375 0.45859375 0.3875 0.8421875
2 0.6765625 0.4484375 0.46875 0.896875
2 0.94609375 0.2671875 0.078125 0.290625
2 0.03125 0.38515625 0.0625 0.4515625
2 0.88515625 0.31953125 0.06875 0.1578125
2 0.21171875 0.33046875 0.0703125 0.3015625
2 0.16015625 0.3671875 0.084375 0.31875
0 0.8140625 0.3125 0.06875 0.0890625
2 0.8125 0.3140625 0.05625 0.140625
0 0.59921875 0.3125 0.1875 0.296875
0 0.3640625 0.36875 0.253125 0.3734375
0 0.03359375 0.32890625 0.0671875 0.1828125
0 0.15703125 0.3359375 0.0625 0.146875
0 0.20078125 0.29296875 0.06875 0.1328125
0 0.8765625 0.31328125 0.05 0.08125
0 0.9375 0.2328125 0.0796875 0.121875
2 0.44296875 0.284375 0.0703125 0.1984375
0 0.4453125 0.278125 0.05625 0.0859375
1 0.0234375 0.17734375 0.046875 0.0578125
1 0.15078125 0.23125 0.0375 0.0359375
1 0.1953125 0.19140625 0.040625 0.0453125
1 0.31640625 0.07578125 0.1046875 0.09375
1 0.43828125 0.196875 0.0265625 0.0359375
1 0.58984375 0.05703125 0.1328125 0.1140625
1 0.80859375 0.25703125 0.034375 0.028125
1 0.934375 0.13671875 0.0453125 0.0609375
1 0.87421875 0.25234375 0.03125 0.0328125