2 0.42265625 0.45625 0.359375 0.8296875
2 0.67890625 0.4546875 0.43828125 0.88359375
2 0.95390625 0.2828125 0.06796875 0.2890625
2 0.0296875 0.36875 0.05859375 0.44921875
2 0.89140625 0.3328125 0.06328125 0.15625
2 0.21796875 0.3203125 0.06015625 0.3
2 0.16484375 0.35546875 0.0734375 0.31640625
0 0.8203125 0.3234375 0.06640625 0.08671875
2 0.81875 0.325 0.0515625 0.13828125
0 0.60546875 0.31640625 0.17734375 0.29140625
0 0.36875 0.3640625 0.23984375 0.36484375
0 0.03515625 0.31328125 0.0703125 0.1796875
0 0.16328125 0.32421875 0.05703125 0.14453125
0 0.2078125 0.2828125 0.0640625 0.13046875
0 0.8828125 0.3265625 0.046875 0.0796875
0 0.946875 0.2484375 0.075 0.11953125
2 0.45078125 0.2828125 0.0640625 0.19609375
0 0.453125 0.2765625 0.05390625 0.08359375
1 0.02890625 0.1609375 0.0578125 0.05625
1 0.16015625 0.21953125 0.03671875 0.03515625
1 0.20625 0.18125 0.03984375 0.04375
1 0.33125 0.06953125 0.10234375 0.090625
1 0.44921875 0.19453125 0.02578125 0.034375
1 0.60546875 0.0578125 0.128125 0.11484375
1 0.8171875 0.26796875 0.0328125 0.02734375
1 0.946875 0.15234375 0.04375 0.059375
1 0.8828125 0.265625 0.0296875 0.03125