2 0.61015625 0.7015625 0.2015625 0.53125
2 0.11953125 0.803125 0.1984375 0.2953125
2 0.07421875 0.63046875 0.1390625 0.1625
2 0.2203125 0.5671875 0.159375 0.1953125
2 0.81953125 0.425 0.14375 0.225
2 0.946875 0.63359375 0.10625 0.5765625
2 0.68828125 0.45546875 0.128125 0.165625
2 0.60625 0.44375 0.10625 0.1265625
0 0.3 0.609375 0.0625 0.0546875
2 0.290625 0.60234375 0.0828125 0.0984375
0 0.05859375 0.63125 0.0921875 0.078125
1 0.046875 0.590625 0.075 0.053125
1 0.06640625 0.72890625 0.0875 0.08125
1 0.4203125 0.34765625 0.078125 0.0578125
1 0.540625 0.47421875 0.11875 0.1109375
1 0.94609375 0.37734375 0.0921875 0.0890625
0 0.79375 0.41171875 0.0828125 0.075
1 0.77890625 0.34453125 0.075 0.0515625
0 0.20234375 0.565625 0.1 0.1203125
0 0.1015625 0.84140625 0.134375 0.1625
0 0.56796875 0.6078125 0.2546875 0.209375
0 0.959375 0.5625 0.08125 0.184375
0 0.68125 0.4625 0.0640625 0.08125
0 0.42578125 0.45625 0.128125 0.134375