2 0.58125 0.71484375 0.13046875 0.51875
2 0.08125 0.746875 0.16171875 0.27578125
2 0.06015625 0.5703125 0.1203125 0.146875
2 0.2140625 0.52734375 0.13515625 0.17890625
2 0.8265625 0.4703125 0.11640625 0.21015625
2 0.9546875 0.6984375 0.090625 0.56953125
2 0.69296875 0.48203125 0.1078125 0.15234375
2 0.61328125 0.459375 0.090625 0.11484375
0 0.28671875 0.58046875 0.05703125 0.046875
2 0.278125 0.571875 0.07109375 0.08984375
0 0.04453125 0.56875 0.08359375 0.06640625
1 0.0390625 0.5265625 0.06953125 0.04375
1 0.0390625 0.66640625 0.078125 0.07109375
1 0.4421875 0.33828125 0.07265625 0.0484375
1 0.54375 0.48046875 0.10546875 0.09765625
1 0.95859375 0.440625 0.0828125 0.078125
0 0.803125 0.453125 0.075 0.065625
1 0.79765625 0.38515625 0.06953125 0.04296875
0 0.19609375 0.5234375 0.08515625 0.109375
0 0.0578125 0.7828125 0.11484375 0.14765625
0 0.55234375 0.61640625 0.2328125 0.17890625
0 0.95859375 0.628125 0.0828125 0.175
0 0.684375 0.48828125 0.05390625 0.075
0 0.4328125 0.44609375 0.1125 0.11953125