2 0.5265625 0.728125 0.2515625 0.534375
2 0.07265625 0.6375 0.1453125 0.30625
2 0.065625 0.4609375 0.13125 0.171875
2 0.215625 0.45703125 0.175 0.20625
2 0.82421875 0.55 0.1640625 0.2328125
2 0.88984375 0.75703125 0.2203125 0.4859375
2 0.69140625 0.52890625 0.1421875 0.1734375
2 0.61953125 0.48828125 0.115625 0.1328125
0 0.2734375 0.5265625 0.0671875 0.059375
2 0.2671875 0.51640625 0.090625 0.1046875
0 0.04453125 0.45625 0.0890625 0.084375
1 0.04609375 0.4140625 0.078125 0.059375
1 0.0296875 0.55 0.059375 0.0875
1 0.4828125 0.32890625 0.0828125 0.0640625
1 0.546875 0.49140625 0.1265625 0.1203125
1 0.9546875 0.55234375 0.090625 0.0953125
0 0.80546875 0.528125 0.0890625 0.08125
1 0.81640625 0.4609375 0.078125 0.0578125
0 0.19921875 0.44921875 0.109375 0.1265625
0 0.0375 0.66640625 0.075 0.1703125
0 0.52265625 0.62578125 0.26875 0.2296875
0 0.9140625 0.73515625 0.1234375 0.1890625
0 0.68203125 0.53359375 0.0703125 0.0859375
0 0.44765625 0.43125 0.1375 0.14375