2 0.1765625 0.4 0.2328125 0.7765625
2 0.3296875 0.29609375 0.134375 0.4484375
2 0.5109375 0.23671875 0.0625 0.2203125
2 0.96796875 0.2515625 0.0453125 0.1296875
2 0.75546875 0.384375 0.278125 0.6453125
2 0.390625 0.1953125 0.03125 0.0953125
2 0.48359375 0.1921875 0.0203125 0.0921875
0 0.5171875 0.20703125 0.0515625 0.071875
2 0.56796875 0.19453125 0.025 0.084375
2 0.8296875 0.3953125 0.1390625 0.1421875
0 0.15703125 0.3078125 0.175 0.3375
1 0.196875 0.0625 0.11875 0.1046875
1 0.31875 0.0953125 0.0625 0.059375
0 0.33125 0.23671875 0.1109375 0.18125
0 0.7125 0.28125 0.13125 0.21875
1 0.7265625 0.08984375 0.0796875 0.059375
0 0.39609375 0.18125 0.0328125 0.053125
1 0.40625 0.153125 0.01875 0.0140625
0 0.484375 0.18515625 0.0125 0.046875
1 0.48359375 0.14765625 0.0171875 0.0140625
1 0.51171875 0.13984375 0.0265625 0.015625
0 0.571875 0.17734375 0.021875 0.025
1 0.5703125 0.15703125 0.0140625 0.0171875
0 0.9703125 0.23046875 0.0359375 0.059375
1 0.97265625 0.19296875 0.0265625 0.015625
0 0.84375 0.3984375 0.0734375 0.10625
1 0.7875 0.3484375 0.0265625 0.0515625
2 0.83046875 0.2984375 0.071875 0.0765625
0 0.8203125 0.28125 0.0296875 0.034375
1 0.8546875 0.27578125 0.0234375 0.028125