2 0.18046875 0.4859375 0.3609375 0.803125
2 0.28203125 0.34765625 0.23125 0.4640625
2 0.4421875 0.24296875 0.1109375 0.228125
2 0.8875 0.1390625 0.0734375 0.1359375
2 0.71640625 0.33203125 0.4140625 0.6640625
2 0.315625 0.234375 0.0515625 0.1
2 0.4046875 0.20625 0.040625 0.09375
0 0.440625 0.21328125 0.065625 0.08125
2 0.48671875 0.1875 0.04375 0.0875
2 0.79140625 0.3140625 0.1671875 0.16875
0 0.12109375 0.403125 0.2421875 0.365625
1 0.09375 0.15625 0.1375 0.128125
1 0.2203125 0.15625 0.0734375 0.071875
0 0.26875 0.28984375 0.1484375 0.2
0 0.6484375 0.23359375 0.1765625 0.2421875
1 0.6125 0.0453125 0.090625 0.075
0 0.3171875 0.21875 0.04375 0.0578125
1 0.31953125 0.1890625 0.021875 0.01875
0 0.403125 0.2 0.0234375 0.0484375
1 0.39296875 0.16328125 0.0203125 0.0171875
1 0.41796875 0.14921875 0.028125 0.021875
0 0.4859375 0.16953125 0.0265625 0.028125
1 0.47890625 0.15078125 0.0171875 0.0203125
0 0.884375 0.11796875 0.0484375 0.065625
1 0.87734375 0.08125 0.028125 0.021875
0 0.80625 0.3125 0.09375 0.1203125
1 0.7390625 0.2796875 0.0375 0.05625
2 0.76640625 0.2203125 0.0875 0.090625
0 0.753125 0.20625 0.0375 0.040625
1 0.784375 0.19140625 0.028125 0.03125