2 0.175 0.40546875 0.21875 0.77265625
2 0.32578125 0.29921875 0.12734375 0.446875
2 0.50625 0.23671875 0.059375 0.21953125
2 0.96328125 0.24375 0.04375 0.12890625
2 0.753125 0.3796875 0.2671875 0.640625
2 0.38515625 0.19765625 0.02890625 0.0953125
2 0.478125 0.1921875 0.01875 0.0921875
0 0.51171875 0.20703125 0.05 0.07109375
2 0.5625 0.19375 0.02421875 0.084375
2 0.828125 0.38984375 0.13671875 0.13984375
0 0.15390625 0.3140625 0.16875 0.33515625
1 0.1890625 0.06796875 0.11640625 0.10234375
1 0.31171875 0.0984375 0.0609375 0.05859375
0 0.3265625 0.23984375 0.1078125 0.17890625
0 0.70859375 0.27734375 0.128125 0.2171875
1 0.71953125 0.0859375 0.078125 0.05859375
0 0.390625 0.1828125 0.03125 0.05234375
1 0.4 0.1546875 0.01875 0.0140625
0 0.47890625 0.18515625 0.01171875 0.046875
1 0.47734375 0.14765625 0.0171875 0.0140625
1 0.50546875 0.13984375 0.02578125 0.015625
0 0.56640625 0.17578125 0.02109375 0.02421875
1 0.5640625 0.15625 0.0140625 0.0171875
0 0.965625 0.22265625 0.034375 0.059375
1 0.9671875 0.18515625 0.02578125 0.015625
0 0.8421875 0.3921875 0.07109375 0.10546875
1 0.78515625 0.34375 0.02578125 0.05078125
2 0.8265625 0.29296875 0.07109375 0.075
0 0.81640625 0.27578125 0.0296875 0.034375
1 0.85078125 0.26953125 0.02265625 0.02734375