2 0.2015625 0.51640625 0.403125 0.9671875
1 0.13203125 0.14921875 0.2640625 0.2296875
2 0.4125 0.5265625 0.45625 0.946875
1 0.33203125 0.19609375 0.2609375 0.2484375
2 0.7265625 0.49296875 0.5125 0.9859375
1 0.63671875 0.14453125 0.2140625 0.2890625
2 0.8546875 0.47421875 0.290625 0.9484375
1 0.834375 0.16015625 0.2265625 0.2890625
0 0.18046875 0.7109375 0.3609375 0.578125
0 0.43515625 0.72109375 0.3609375 0.5578125
0 0.7328125 0.63515625 0.4234375 0.703125
0 0.92421875 0.60390625 0.1515625 0.6609375