1 0.84375 0.04140625 0.065625 0.06796875
1 0.55390625 0.071875 0.065625 0.078125
1 0.1046875 0.09609375 0.065625 0.07109375
1 0.23125 0.08515625 0.0625 0.06640625
1 0.759375 0.09296875 0.059375 0.0671875
0 0.22265625 0.34921875 0.11015625 0.309375
2 0.1265625 0.5234375 0.1921875 0.896875
2 0.753125 0.49453125 0.10078125 0.83359375
2 0.8484375 0.49375 0.20859375 0.9390625
2 0.228125 0.4953125 0.1390625 0.865625
2 0.5171875 0.503125 0.17265625 0.93359375
2 0.4171875 0.46171875 0.15625 0.9234375
2 0.325 0.53828125 0.18984375 0.8765625
2 0.665625 0.540625 0.14609375 0.8359375