1 0.82734375 0.03203125 0.0671875 0.0640625
1 0.5390625 0.0703125 0.06875 0.0796875
1 0.090625 0.11015625 0.06875 0.0734375
1 0.2171875 0.09453125 0.0640625 0.06875
1 0.7453125 0.084375 0.0609375 0.06875
0 0.2171875 0.359375 0.1203125 0.3125
2 0.12734375 0.53671875 0.2234375 0.903125
2 0.753125 0.4859375 0.1296875 0.8359375
2 0.84765625 0.48125 0.240625 0.9453125
2 0.228125 0.5046875 0.16875 0.8703125
2 0.5171875 0.50234375 0.2046875 0.9390625
2 0.415625 0.46484375 0.1890625 0.928125
2 0.3265625 0.54453125 0.2203125 0.8828125
2 0.6671875 0.53515625 0.175 0.840625