1 0.45625 0.07109375 0.08125 0.090625
1 0.03203125 0.1953125 0.0640625 0.084375
1 0.14453125 0.15625 0.0765625 0.078125
1 0.6609375 0.0453125 0.0734375 0.078125
0 0.19609375 0.415625 0.1765625 0.3265625
2 0.16796875 0.57421875 0.3359375 0.8515625
2 0.7453125 0.4375 0.2859375 0.834375
2 0.815625 0.4484375 0.36875 0.896875
2 0.234375 0.55625 0.3296875 0.875
2 0.5171875 0.49921875 0.378125 0.9484375
2 0.4109375 0.48125 0.359375 0.934375
2 0.33828125 0.5640625 0.3828125 0.871875
2 0.6703125 0.50234375 0.3296875 0.846875