2 0.76796875 0.59140625 0.3890625 0.6453125
2 0.53671875 0.48359375 0.140625 0.315625
2 0.43125 0.44921875 0.140625 0.253125
1 0.68984375 0.340625 0.121875 0.1203125
2 0.61328125 0.49765625 0.2078125 0.38125
2 0.2578125 0.42421875 0.0640625 0.1375
2 0.278125 0.4265625 0.05625 0.1296875
2 0.29375 0.41875 0.0515625 0.13125
2 0.31484375 0.42421875 0.0609375 0.14375
2 0.3390625 0.43359375 0.06875 0.1375
2 0.3625 0.43125 0.071875 0.1625
2 0.38984375 0.4359375 0.0859375 0.175
0 0.59140625 0.44375 0.1421875 0.1671875
1 0.553125 0.35234375 0.071875 0.0703125
0 0.5203125 0.43125 0.103125 0.1421875
1 0.4921875 0.3390625 0.0578125 0.0546875
0 0.2734375 0.421875 0.040625 0.0703125
0 0.2890625 0.41015625 0.03125 0.053125
0 0.30859375 0.4109375 0.0359375 0.0609375
1 0.2984375 0.3796875 0.0296875 0.0328125
0 0.325 0.40546875 0.0390625 0.0625
1 0.321875 0.38046875 0.025 0.03125
0 0.34765625 0.41640625 0.040625 0.08125
0 0.3671875 0.4140625 0.0453125 0.0828125
0 0.3875 0.41640625 0.0578125 0.0984375
1 0.36328125 0.37421875 0.025 0.0390625
1 0.38046875 0.37109375 0.0328125 0.04375
1 0.3375 0.36953125 0.0265625 0.03125
1 0.353125 0.36328125 0.0296875 0.0359375
0 0.42421875 0.40390625 0.0890625 0.1125
1 0.4015625 0.346875 0.0453125 0.0484375
1 0.2546875 0.375 0.021875 0.0265625
1 0.278125 0.3703125 0.028125 0.0296875
0 0.7453125 0.49921875 0.2171875 0.25625