2 0.73515625 0.6578125 0.240625 0.603125
2 0.53984375 0.49375 0.0625 0.309375
2 0.446875 0.4328125 0.08125 0.240625
1 0.72421875 0.3953125 0.1 0.096875
2 0.61015625 0.52734375 0.11875 0.3625
2 0.2859375 0.3640625 0.0296875 0.134375
2 0.3046875 0.371875 0.025 0.128125
2 0.321875 0.36796875 0.01875 0.13125
2 0.340625 0.37890625 0.025 0.1421875
2 0.36171875 0.39453125 0.034375 0.134375
2 0.38515625 0.39765625 0.03125 0.159375
2 0.41015625 0.409375 0.04375 0.1703125
0 0.603125 0.46953125 0.109375 0.14375
1 0.58984375 0.37109375 0.059375 0.05625
0 0.5375 0.4390625 0.071875 0.128125
1 0.534375 0.34296875 0.0484375 0.04375
0 0.3015625 0.365625 0.025 0.065625
0 0.31953125 0.35859375 0.01875 0.05
0 0.33828125 0.36484375 0.021875 0.05625
1 0.33671875 0.33203125 0.021875 0.028125
0 0.35546875 0.36328125 0.025 0.059375
1 0.35859375 0.33828125 0.01875 0.028125
0 0.37421875 0.3796875 0.021875 0.078125
0 0.39375 0.3828125 0.025 0.078125
0 0.41328125 0.38984375 0.034375 0.0921875
1 0.40078125 0.34296875 0.0171875 0.034375
1 0.41796875 0.34453125 0.025 0.0375
1 0.3765625 0.33203125 0.01875 0.028125
1 0.39375 0.3296875 0.021875 0.03125
0 0.4515625 0.3875 0.065625 0.1
1 0.44453125 0.3265625 0.0375 0.040625
1 0.2953125 0.315625 0.0171875 0.021875
1 0.31953125 0.3171875 0.021875 0.025
0 0.7375 0.5625 0.165625 0.221875