2 0.73125 0.61171875 0.378125 0.7765625
2 0.5203125 0.5671875 0.3875 0.865625
2 0.09375 0.46015625 0.1875 0.6265625
2 0.14375 0.41796875 0.2328125 0.5625
2 0.20703125 0.421875 0.1546875 0.409375
2 0.31484375 0.5 0.196875 0.4375
2 0.2875 0.4296875 0.1359375 0.3421875
2 0.8921875 0.5703125 0.1484375 0.3390625
2 0.38046875 0.4 0.1234375 0.334375
2 0.434375 0.453125 0.14375 0.359375
2 0.96953125 0.55859375 0.0609375 0.1921875
0 0.52734375 0.48828125 0.240625 0.3953125
0 0.74296875 0.5765625 0.2734375 0.4046875