2 0.759375 0.58359375 0.18515625 0.81953125
2 0.5390625 0.56875 0.184375 0.8625
2 0.0625 0.56796875 0.1109375 0.61796875
2 0.134375 0.50625 0.10234375 0.55390625
2 0.196875 0.4953125 0.0578125 0.40703125
2 0.3203125 0.54453125 0.096875 0.4265625
2 0.2765625 0.48359375 0.05546875 0.33828125
2 0.89765625 0.4734375 0.0703125 0.33125
2 0.36015625 0.43203125 0.04453125 0.3328125
2 0.425 0.4703125 0.06015625 0.3546875
2 0.98125 0.440625 0.0375 0.1890625
0 0.5234375 0.48203125 0.15546875 0.36875
0 0.75390625 0.515625 0.190625 0.36875