2 0.77109375 0.528125 0.3515625 0.840625
2 0.55234375 0.559375 0.359375 0.88125
2 0.10234375 0.6578125 0.2046875 0.628125
2 0.14375 0.58203125 0.215625 0.5625
2 0.20234375 0.55859375 0.140625 0.4109375
2 0.33359375 0.58125 0.1828125 0.4375
2 0.278125 0.53046875 0.125 0.3421875
2 0.88359375 0.39140625 0.1375 0.3390625
2 0.34921875 0.4625 0.1125 0.334375
2 0.4203125 0.48671875 0.1328125 0.359375
2 0.95859375 0.3421875 0.0765625 0.1921875
0 0.51953125 0.47734375 0.228125 0.39375
0 0.7515625 0.4625 0.2625 0.4