1 0.81484375 0.31015625 0.1515625 0.159375
1 0.8890625 0.19140625 0.134375 0.14375
1 0.42421875 0.04375 0.1203125 0.0875
1 0.94140625 0.31015625 0.1171875 0.1734375
1 0.72265625 0.215625 0.140625 0.1640625
2 0.10078125 0.47109375 0.2015625 0.9421875
1 0.13828125 0.07734375 0.1203125 0.128125
1 0.490625 0.14609375 0.134375 0.153125
1 0.26328125 0.06015625 0.1265625 0.1203125
1 0.334375 0.19609375 0.140625 0.1484375
2 0.634375 0.28515625 0.1484375 0.2203125
1 0.628125 0.23359375 0.1078125 0.1515625
1 0.6546875 0.078125 0.103125 0.109375
1 0.57109375 0.10078125 0.0984375 0.1
1 0.34140625 0.03828125 0.0796875 0.0765625
1 0.33515625 0.09609375 0.078125 0.0859375
1 0.82578125 0.1421875 0.115625 0.1125
2 0.2234375 0.22265625 0.23125 0.4453125
2 0.31328125 0.559375 0.409375 0.8609375
2 0.571875 0.5625 0.446875 0.875
2 0.7421875 0.621875 0.303125 0.75625
2 0.85625 0.6140625 0.2875 0.771875
1 0.78203125 0.11953125 0.0765625 0.071875
2 0.440625 0.1921875 0.225 0.384375
1 0.19609375 0.04765625 0.0609375 0.0734375
1 0.50703125 0.0515625 0.08125 0.08125