1 0.82109375 0.32109375 0.15625 0.1640625
1 0.89921875 0.20546875 0.1375 0.146875
1 0.44140625 0.04296875 0.1234375 0.0859375
1 0.94375 0.3265625 0.1125 0.178125
1 0.7328125 0.2234375 0.1453125 0.1671875
2 0.1109375 0.4640625 0.221875 0.928125
1 0.15234375 0.06484375 0.1234375 0.1296875
1 0.503125 0.14609375 0.1375 0.15625
1 0.27890625 0.05703125 0.1296875 0.1140625
1 0.3453125 0.190625 0.1453125 0.1515625
2 0.64140625 0.28984375 0.1546875 0.221875
1 0.6375 0.2375 0.1125 0.1546875
1 0.66953125 0.084375 0.10625 0.1125
1 0.58515625 0.103125 0.1 0.1015625
1 0.3578125 0.0359375 0.08125 0.071875
1 0.34921875 0.090625 0.0796875 0.0890625
1 0.83828125 0.153125 0.1171875 0.1140625
2 0.23359375 0.21875 0.2453125 0.4375
2 0.31171875 0.553125 0.4359375 0.865625
2 0.5703125 0.56171875 0.475 0.8765625
2 0.7375 0.625 0.328125 0.75
2 0.846875 0.61953125 0.30625 0.7609375
1 0.7953125 0.12890625 0.078125 0.075
2 0.4515625 0.1921875 0.2375 0.384375
1 0.21171875 0.0375 0.0625 0.075
1 0.52265625 0.0515625 0.0828125 0.084375