1 0.78515625 0.26796875 0.1328125 0.14296875
1 0.8421875 0.140625 0.1171875 0.12890625
1 0.3609375 0.0484375 0.10859375 0.09375
1 0.93125 0.2484375 0.13671875 0.15625
1 0.68125 0.1875 0.12109375 0.1484375
2 0.06484375 0.5015625 0.1296875 0.996875
1 0.0828125 0.13203125 0.10546875 0.1140625
1 0.44140625 0.15078125 0.115625 0.13828125
1 0.203125 0.08828125 0.109375 0.1265625
1 0.29375 0.221875 0.1234375 0.1328125
2 0.603125 0.26875 0.12109375 0.2046875
1 0.58984375 0.21796875 0.08984375 0.140625
1 0.59453125 0.0609375 0.090625 0.0984375
1 0.51484375 0.09453125 0.08671875 0.08828125
1 0.27890625 0.0609375 0.06953125 0.075
1 0.28046875 0.12265625 0.0671875 0.078125
1 0.77265625 0.1 0.10234375 0.0984375
2 0.1859375 0.2546875 0.17109375 0.4453125
2 0.3234375 0.58515625 0.296875 0.82734375
2 0.5828125 0.56640625 0.32890625 0.8671875
2 0.76015625 0.60859375 0.19609375 0.78046875
2 0.88984375 0.59296875 0.2109375 0.8140625
1 0.7265625 0.08359375 0.06875 0.06328125
2 0.396875 0.1953125 0.17421875 0.38125
1 0.1359375 0.09453125 0.05234375 0.0671875
1 0.44453125 0.0546875 0.07109375 0.07265625