2 0.18203125 0.58984375 0.27265625 0.44453125
2 0.32421875 0.59921875 0.171875 0.26953125
2 0.69921875 0.56875 0.26953125 0.58125
0 0.734375 0.65234375 0.253125 0.375
2 0.621875 0.60625 0.07109375 0.2046875
1 0.16484375 0.4125 0.13046875 0.14921875
1 0.33125 0.46484375 0.090625 0.07265625
1 0.63203125 0.51953125 0.06796875 0.07265625
1 0.67890625 0.31171875 0.121875 0.11484375
0 0.1328125 0.653125 0.16015625 0.24453125
0 0.30703125 0.65 0.11328125 0.21484375
0 0.6203125 0.6640625 0.078125 0.1125