2 0.4078125 0.49375 0.35078125 0.9484375
2 0.828125 0.49765625 0.34375 0.8953125
2 0.1265625 0.4984375 0.253125 0.940625
2 0.63359375 0.49921875 0.24453125 0.859375
1 0.11640625 0.0921875 0.1421875 0.08203125
1 0.43046875 0.04765625 0.13046875 0.0640625
1 0.59140625 0.09453125 0.140625 0.0609375
1 0.87578125 0.08828125 0.13515625 0.10234375
0 0.1328125 0.36640625 0.265625 0.3640625
0 0.3828125 0.35546875 0.26015625 0.39453125
0 0.61328125 0.35 0.20859375 0.31640625
0 0.84375 0.36640625 0.28984375 0.371875