2 0.23125 0.73359375 0.209375 0.421875
2 0.32578125 0.3671875 0.1421875 0.303125
1 0.3109375 0.228125 0.059375 0.0578125
1 0.2140625 0.54765625 0.0703125 0.06875
1 0.19921875 0.30546875 0.059375 0.0546875
1 0.2640625 0.46953125 0.0625 0.059375
1 0.58359375 0.26171875 0.0625 0.0625
1 0.4828125 0.1984375 0.059375 0.05625
1 0.10546875 0.3296875 0.05625 0.0578125
1 0.64921875 0.246875 0.0671875 0.0640625
1 0.70859375 0.2109375 0.065625 0.065625
1 0.39296875 0.2703125 0.059375 0.0578125
2 0.4421875 0.60546875 0.153125 0.39375
1 0.41953125 0.4140625 0.0625 0.059375
1 0.52734375 0.23984375 0.0625 0.0609375
2 0.3609375 0.69375 0.1921875 0.384375
1 0.3421875 0.5109375 0.0640625 0.0625
1 0.825 0.2203125 0.0671875 0.0671875
2 0.1140625 0.5625 0.1609375 0.515625
2 0.55078125 0.50625 0.1703125 0.5890625
2 0.865625 0.5125 0.2046875 0.6546875
2 0.2109375 0.44453125 0.15 0.30625
2 0.61015625 0.52421875 0.1203125 0.5859375
2 0.484375 0.328125 0.1203125 0.315625
2 0.7578125 0.50859375 0.16875 0.6515625