2 0.23515625 0.73828125 0.215625 0.425
2 0.3234375 0.3703125 0.146875 0.3046875
1 0.30625 0.23125 0.059375 0.0578125
1 0.21484375 0.55234375 0.0703125 0.0703125
1 0.1953125 0.3109375 0.059375 0.0546875
1 0.26328125 0.4734375 0.0625 0.0609375
1 0.5796875 0.26015625 0.0640625 0.0625
1 0.47734375 0.1984375 0.0609375 0.0578125
1 0.10234375 0.33671875 0.0578125 0.0578125
1 0.64453125 0.24453125 0.06875 0.0640625
1 0.703125 0.2078125 0.065625 0.0671875
1 0.3890625 0.271875 0.059375 0.0578125
2 0.44453125 0.60703125 0.159375 0.3953125
1 0.41796875 0.415625 0.0625 0.0609375
1 0.52265625 0.2390625 0.0640625 0.0625
2 0.3640625 0.69609375 0.1984375 0.3859375
1 0.34296875 0.5140625 0.0640625 0.0640625
1 0.8203125 0.21484375 0.06875 0.06875
2 0.115625 0.56875 0.1703125 0.5171875
2 0.55078125 0.5046875 0.18125 0.590625
2 0.865625 0.50625 0.215625 0.65625
2 0.21015625 0.44921875 0.1546875 0.3078125
2 0.61015625 0.52265625 0.1296875 0.5859375
2 0.48125 0.328125 0.125 0.3171875
2 0.7578125 0.50390625 0.1796875 0.6515625