2 0.215625 0.7140625 0.18125 0.41015625
2 0.33515625 0.35546875 0.121875 0.2953125
1 0.33046875 0.215625 0.05546875 0.05390625
1 0.21171875 0.52734375 0.065625 0.0640625
1 0.21328125 0.28515625 0.05546875 0.05078125
1 0.26640625 0.453125 0.05859375 0.05546875
1 0.6 0.26796875 0.05859375 0.0578125
1 0.50390625 0.19765625 0.05625 0.05234375
1 0.11796875 0.30234375 0.053125 0.05390625
1 0.66640625 0.2578125 0.06328125 0.059375
1 0.728125 0.2265625 0.0609375 0.06171875
1 0.409375 0.26328125 0.05546875 0.05390625
2 0.43515625 0.6015625 0.1265625 0.38515625
1 0.42578125 0.40859375 0.05859375 0.05546875
1 0.5453125 0.2421875 0.059375 0.05703125
2 0.34765625 0.68359375 0.16640625 0.3734375
1 0.3421875 0.5 0.059375 0.05859375
1 0.84375 0.24375 0.06328125 0.06328125
2 0.1109375 0.53515625 0.12578125 0.50859375
2 0.55 0.509375 0.13046875 0.58203125
2 0.8640625 0.53828125 0.16015625 0.6453125
2 0.215625 0.42421875 0.1296875 0.29765625
2 0.6078125 0.53203125 0.0796875 0.58125
2 0.49609375 0.32734375 0.0984375 0.309375
2 0.75625 0.5265625 0.12421875 0.64375