2 0.2421875 0.5546875 0.484375 0.890625
2 0.1421875 0.63203125 0.284375 0.6578125
2 0.40234375 0.34296875 0.2203125 0.4078125
0 0.38203125 0.33125 0.16875 0.265625
2 0.37578125 0.328125 0.146875 0.309375
2 0.6328125 0.55 0.3765625 0.8578125
2 0.78515625 0.509375 0.309375 0.765625
0 0.5890625 0.43046875 0.2171875 0.3890625
2 0.63515625 0.35 0.1296875 0.26875
2 0.84296875 0.42265625 0.2171875 0.5109375
2 0.89375 0.39609375 0.140625 0.3671875
2 0.940625 0.36875 0.11875 0.478125
2 0.6328125 0.17734375 0.128125 0.1515625
1 0.71875 0.2328125 0.08125 0.115625
2 0.70546875 0.18046875 0.0703125 0.096875
0 0.13515625 0.53984375 0.2703125 0.3984375
1 0.10703125 0.44296875 0.159375 0.21875
1 0.1984375 0.19921875 0.1515625 0.14375
1 0.4953125 0.25625 0.115625 0.16875
1 0.471875 0.20546875 0.090625 0.1375
1 0.3671875 0.22421875 0.05 0.071875
1 0.415625 0.2015625 0.065625 0.0875
1 0.62578125 0.27734375 0.0828125 0.109375
1 0.64140625 0.1484375 0.0453125 0.075
1 0.7015625 0.17265625 0.05 0.0453125
0 0.7828125 0.38984375 0.18125 0.2921875
1 0.79140625 0.228125 0.059375 0.09375
1 0.8609375 0.2640625 0.0515625 0.0828125
1 0.92421875 0.165625 0.0421875 0.0703125
0 0.28671875 0.44375 0.24375 0.446875
0 0.4703125 0.365625 0.15625 0.215625
0 0.68203125 0.434375 0.1640625 0.2703125