2 0.21328125 0.54375 0.421875 0.89140625
2 0.1171875 0.58671875 0.234375 0.63359375
2 0.421875 0.33203125 0.1734375 0.3890625
0 0.403125 0.31796875 0.1390625 0.25
2 0.39765625 0.3140625 0.1109375 0.2984375
2 0.62578125 0.565625 0.27734375 0.8296875
2 0.78203125 0.54375 0.2203125 0.74453125
0 0.596875 0.4421875 0.1734375 0.37109375
2 0.65234375 0.36796875 0.09921875 0.25859375
2 0.85 0.46484375 0.1578125 0.49609375
2 0.90390625 0.44453125 0.09765625 0.3578125
2 0.9609375 0.42421875 0.078125 0.47265625
2 0.67109375 0.19609375 0.1125 0.1390625
1 0.75 0.26171875 0.06796875 0.1078125
2 0.74296875 0.2078125 0.059375 0.08984375
0 0.1234375 0.49375 0.246875 0.37109375
1 0.1171875 0.3953125 0.13515625 0.203125
1 0.2375 0.16484375 0.13671875 0.128125
1 0.525 0.2578125 0.09765625 0.1578125
1 0.5078125 0.20390625 0.075 0.12890625
1 0.4015625 0.21015625 0.04140625 0.06796875
1 0.45234375 0.19375 0.05546875 0.08125
1 0.65234375 0.29453125 0.07109375 0.10078125
1 0.68359375 0.16796875 0.03671875 0.07109375
1 0.73984375 0.2 0.0453125 0.03984375
0 0.79453125 0.425 0.14921875 0.27578125
1 0.82265625 0.265625 0.0484375 0.08828125
1 0.88671875 0.31015625 0.04296875 0.078125
1 0.96171875 0.21953125 0.034375 0.06640625
0 0.2953125 0.41796875 0.19296875 0.42578125
0 0.48671875 0.36328125 0.13203125 0.2015625
0 0.6890625 0.45703125 0.13359375 0.25546875