2 0.24375 0.4984375 0.4875 0.946875
2 0.13671875 0.525 0.2734375 0.6625
2 0.44921875 0.321875 0.2328125 0.4109375
0 0.4328125 0.3046875 0.1765625 0.26875
2 0.428125 0.3 0.15625 0.3125
2 0.6140625 0.5765625 0.403125 0.846875
2 0.771875 0.5875 0.334375 0.7703125
0 0.6046875 0.4578125 0.2296875 0.39375
2 0.67109375 0.39375 0.1390625 0.2703125
2 0.8515625 0.5203125 0.2328125 0.5140625
2 0.9078125 0.50859375 0.153125 0.36875
2 0.9453125 0.49609375 0.109375 0.4796875
2 0.71640625 0.2265625 0.1328125 0.1546875
1 0.784375 0.30390625 0.084375 0.1171875
2 0.7859375 0.24921875 0.0734375 0.0984375
0 0.13984375 0.43515625 0.2796875 0.4046875
1 0.13828125 0.33671875 0.165625 0.221875
1 0.29296875 0.128125 0.1546875 0.1484375
1 0.5625 0.26484375 0.121875 0.171875
1 0.55390625 0.20859375 0.09375 0.1390625
1 0.4484375 0.1984375 0.0515625 0.0734375
1 0.50078125 0.18984375 0.0671875 0.0890625
1 0.6828125 0.32109375 0.0859375 0.1109375
1 0.73359375 0.20078125 0.046875 0.0765625
1 0.78359375 0.24140625 0.0515625 0.046875
0 0.80234375 0.471875 0.190625 0.2953125
1 0.85546875 0.31875 0.0609375 0.0953125
1 0.91171875 0.37265625 0.0546875 0.084375
1 0.9890625 0.29453125 0.021875 0.0703125
0 0.3109375 0.38671875 0.2578125 0.45
0 0.50859375 0.3625 0.1625 0.2203125
0 0.69375 0.4875 0.171875 0.2734375