2 0.35625 0.4921875 0.0890625 0.240625
2 0.65078125 0.4359375 0.078125 0.209375
2 0.54453125 0.50078125 0.1484375 0.4125
2 0.59453125 0.39375 0.0703125 0.2
2 0.4578125 0.50625 0.08125 0.228125
2 0.275 0.446875 0.040625 0.10625
2 0.30078125 0.44609375 0.04375 0.109375
2 0.70390625 0.3484375 0.0328125 0.0640625
2 0.75859375 0.33046875 0.0234375 0.05625
2 0.46953125 0.44375 0.0375 0.1109375
0 0.5328125 0.428125 0.0890625 0.153125
2 0.31796875 0.428125 0.03125 0.06875
2 0.609375 0.3359375 0.0296875 0.05
2 0.64140625 0.33203125 0.0171875 0.0203125
2 0.49609375 0.35625 0.0453125 0.08125