2 0.35625 0.5046875 0.1078125 0.2421875
2 0.64453125 0.42265625 0.09375 0.2109375
2 0.54453125 0.496875 0.18125 0.4140625
2 0.58515625 0.3859375 0.0859375 0.2
2 0.4578125 0.509375 0.0984375 0.228125
2 0.27109375 0.4671875 0.0484375 0.10625
2 0.296875 0.4640625 0.0515625 0.109375
2 0.68984375 0.33125 0.0375 0.065625
2 0.74296875 0.30859375 0.028125 0.05625
2 0.46484375 0.446875 0.0453125 0.1109375
0 0.5265625 0.42578125 0.1 0.15625
2 0.3125 0.44453125 0.0375 0.06875
2 0.59453125 0.3265625 0.0328125 0.05
2 0.62578125 0.3203125 0.01875 0.0203125
2 0.48359375 0.3578125 0.0515625 0.0828125