2 0.359375 0.46953125 0.05234375 0.2359375
2 0.65859375 0.46015625 0.04609375 0.20546875
2 0.54375 0.5078125 0.0859375 0.4046875
2 0.61015625 0.41015625 0.03984375 0.196875
2 0.45703125 0.49921875 0.04609375 0.2234375
2 0.2859375 0.4125 0.02421875 0.103125
2 0.31171875 0.415625 0.02734375 0.10625
2 0.725 0.38203125 0.02421875 0.0609375
2 0.78203125 0.37265625 0.015625 0.0546875
2 0.47890625 0.43984375 0.0203125 0.10859375
0 0.54375 0.434375 0.06796875 0.14375
2 0.33125 0.40078125 0.021875 0.065625
2 0.63359375 0.3546875 0.021875 0.046875
2 0.665625 0.35625 0.0140625 0.01796875
2 0.51875 0.3578125 0.03359375 0.0765625