2 0.571875 0.5421875 0.128125 0.2984375
2 0.62421875 0.53515625 0.128125 0.2859375
2 0.4265625 0.5671875 0.1390625 0.30625
2 0.6265625 0.43046875 0.0859375 0.1421875
2 0.653125 0.4125 0.04375 0.0796875
2 0.48203125 0.465625 0.04375 0.078125
2 0.45 0.4890625 0.05625 0.109375
2 0.61640625 0.615625 0.0640625 0.134375
2 0.51875 0.44140625 0.071875 0.1296875
2 0.51015625 0.50625 0.0640625 0.1234375
2 0.71484375 0.37578125 0.0640625 0.1
2 0.52890625 0.64765625 0.1359375 0.296875
2 0.8 0.50703125 0.1171875 0.259375
2 0.48359375 0.50546875 0.0734375 0.15625
2 0.68984375 0.55 0.096875 0.221875
2 0.7125 0.57421875 0.084375 0.1703125
2 0.484375 0.7640625 0.0984375 0.1890625
2 0.43125 0.8015625 0.1234375 0.1546875
2 0.4859375 0.91796875 0.1625 0.1640625
2 0.5375 0.95078125 0.084375 0.0984375
2 0.59765625 0.8921875 0.2078125 0.215625
2 0.72578125 0.871875 0.1296875 0.18125
2 0.85390625 0.790625 0.146875 0.26875
2 0.97578125 0.82734375 0.0484375 0.1171875
0 0.56015625 0.49375 0.0765625 0.1140625
0 0.61484375 0.4953125 0.0796875 0.11875