2 0.55234375 0.56484375 0.084375 0.2984375
2 0.603125 0.57734375 0.0859375 0.284375
2 0.40703125 0.53671875 0.09375 0.30625
2 0.64375 0.48046875 0.0671875 0.1375
2 0.67421875 0.47265625 0.0328125 0.0765625
2 0.4953125 0.4609375 0.0328125 0.0765625
2 0.45703125 0.471875 0.040625 0.1078125
2 0.5671875 0.65 0.0453125 0.1328125
2 0.5390625 0.45234375 0.0546875 0.1265625
2 0.50703125 0.509375 0.046875 0.121875
2 0.7453125 0.46171875 0.05 0.096875
2 0.47421875 0.6484375 0.09375 0.2953125
2 0.778125 0.6140625 0.078125 0.259375
2 0.4828125 0.49921875 0.0515625 0.15625
2 0.659375 0.61484375 0.0640625 0.221875
2 0.671875 0.6453125 0.0609375 0.16875
2 0.390625 0.740625 0.071875 0.1859375
2 0.32734375 0.75703125 0.10625 0.14375
2 0.33125 0.9 0.140625 0.18125
2 0.371875 0.940625 0.0703125 0.103125
2 0.44921875 0.9015625 0.1828125 0.196875
2 0.57734375 0.92109375 0.1078125 0.1578125
2 0.72578125 0.8828125 0.1109375 0.234375
2 0.83203125 0.9609375 0.0453125 0.078125
0 0.5578125 0.515625 0.0625 0.109375
0 0.609375 0.53671875 0.065625 0.1125