2 0.55859375 0.559375 0.05390625 0.29453125
2 0.6109375 0.56640625 0.05703125 0.28046875
2 0.41171875 0.54609375 0.06328125 0.30078125
2 0.640625 0.465625 0.05390625 0.1328125
2 0.6703125 0.4546875 0.025 0.075
2 0.49140625 0.46171875 0.025 0.07421875
2 0.4546875 0.4765625 0.03046875 0.10546875
2 0.5828125 0.6421875 0.03125 0.13046875
2 0.53359375 0.4484375 0.0421875 0.12265625
2 0.5078125 0.50859375 0.03515625 0.11875
2 0.73984375 0.4359375 0.040625 0.09296875
2 0.48984375 0.65 0.06328125 0.28984375
2 0.78828125 0.584375 0.05234375 0.2546875
2 0.4828125 0.50078125 0.03515625 0.153125
2 0.6703125 0.59765625 0.04140625 0.21796875
2 0.6859375 0.6265625 0.04375 0.16484375
2 0.41640625 0.75078125 0.053125 0.18125
2 0.35546875 0.7734375 0.0921875 0.13515625
2 0.37421875 0.915625 0.1234375 0.16875
2 0.41875 0.9515625 0.0609375 0.096875
2 0.4921875 0.90703125 0.16484375 0.18515625
2 0.621875 0.91796875 0.090625 0.16328125
2 0.76640625 0.871875 0.084375 0.25546875
2 0.88125 0.94140625 0.03359375 0.11171875
0 0.559375 0.509375 0.0515625 0.1046875
0 0.6125 0.525 0.05390625 0.1078125