2 0.67265625 0.678125 0.3734375 0.64375
2 0.26171875 0.66640625 0.321875 0.621875
2 0.425 0.6484375 0.2375 0.6578125
2 0.484375 0.6921875 0.215625 0.615625
2 0.55078125 0.640625 0.2421875 0.71875
1 0.2953125 0.415625 0.1671875 0.134375
1 0.46953125 0.34453125 0.146875 0.09375
1 0.653125 0.415625 0.171875 0.125
1 0.6203125 0.35078125 0.15 0.1140625
0 0.45546875 0.56875 0.2203125 0.2734375
1 0.52265625 0.43203125 0.15 0.1046875
0 0.271875 0.75234375 0.3296875 0.465625
0 0.68671875 0.7640625 0.3609375 0.471875
0 0.490625 0.65859375 0.184375 0.31875
0 0.56328125 0.61796875 0.1203125 0.2625