2 0.703125 0.671875 0.275 0.65546875
2 0.290625 0.7015625 0.2328125 0.5921875
2 0.44921875 0.65859375 0.13828125 0.64375
2 0.515625 0.6953125 0.121875 0.609375
2 0.5734375 0.63828125 0.13125 0.7234375
1 0.284375 0.4484375 0.15078125 0.1125
1 0.4453125 0.3515625 0.1375 0.07265625
1 0.63828125 0.39296875 0.1578125 0.10078125
1 0.5953125 0.33359375 0.13671875 0.09375
0 0.4671875 0.575 0.184375 0.246875
1 0.51171875 0.4296875 0.1390625 0.08359375
0 0.3140625 0.78515625 0.265625 0.4296875
0 0.73046875 0.7578125 0.28828125 0.484375
0 0.515625 0.6578125 0.1390625 0.30078125
0 0.58125 0.60625 0.08203125 0.253125