2 0.6875 0.675 0.33125 0.65
2 0.27421875 0.6828125 0.2828125 0.6109375
2 0.4359375 0.65390625 0.19375 0.653125
2 0.4984375 0.69375 0.175 0.6125
2 0.5609375 0.6390625 0.19375 0.721875
1 0.28984375 0.4296875 0.159375 0.125
1 0.45859375 0.34765625 0.14375 0.084375
1 0.646875 0.40546875 0.165625 0.1140625
1 0.609375 0.3421875 0.14375 0.1046875
0 0.4609375 0.571875 0.2046875 0.2625
1 0.51796875 0.43125 0.1453125 0.0953125
0 0.28984375 0.76796875 0.3015625 0.4515625
0 0.70703125 0.7609375 0.3296875 0.478125
0 0.5015625 0.65859375 0.1640625 0.3125
0 0.571875 0.61328125 0.103125 0.259375