1 0.815625 0.03515625 0.1 0.0703125
1 0.13359375 0.22265625 0.065625 0.04375
2 0.61171875 0.4515625 0.246875 0.828125
1 0.6890625 0.13359375 0.090625 0.065625
1 0.60234375 0.0703125 0.0828125 0.0703125
2 0.84375 0.484375 0.3125 0.96875
1 0.05234375 0.1703125 0.0671875 0.046875
2 0.09921875 0.44765625 0.1984375 0.6203125
2 0.26796875 0.49140625 0.1421875 0.5375
1 0.290625 0.1890625 0.075 0.059375
2 0.496875 0.45703125 0.20625 0.6953125
1 0.37578125 0.209375 0.075 0.0578125
2 0.396875 0.4828125 0.1671875 0.60625
1 0.4953125 0.1375 0.075 0.0578125
2 0.71640625 0.5 0.2140625 0.79375
2 0.3109375 0.4765625 0.1609375 0.5859375
1 0.23984375 0.22578125 0.059375 0.053125
2 0.17578125 0.4828125 0.1953125 0.5453125