1 0.85625 0.0625 0.09453125 0.06875
1 0.159375 0.19140625 0.0625 0.03828125
2 0.615625 0.46171875 0.1765625 0.815625
1 0.7203125 0.1515625 0.0859375 0.05859375
1 0.6390625 0.08046875 0.078125 0.0640625
2 0.8578125 0.5125 0.2578125 0.95625
1 0.0828125 0.1328125 0.0640625 0.0421875
2 0.096875 0.4125 0.1625 0.60859375
2 0.26953125 0.47109375 0.09609375 0.53046875
1 0.31875 0.171875 0.07109375 0.05390625
2 0.50078125 0.45703125 0.14765625 0.684375
1 0.4015625 0.2 0.0703125 0.05234375
2 0.3984375 0.47421875 0.115625 0.5984375
1 0.5265625 0.13828125 0.07109375 0.0515625
2 0.715625 0.51875 0.146875 0.78359375
2 0.3140625 0.46015625 0.1109375 0.57890625
1 0.26484375 0.20390625 0.0546875 0.04921875
2 0.178125 0.4546875 0.15 0.53359375