1 0.78359375 0.0265625 0.1046875 0.053125
1 0.115625 0.2484375 0.0671875 0.046875
2 0.60859375 0.44375 0.3015625 0.8328125
1 0.66328125 0.12109375 0.09375 0.071875
1 0.571875 0.0640625 0.0875 0.075
2 0.8265625 0.47421875 0.346875 0.9484375
1 0.0328125 0.20234375 0.065625 0.0515625
2 0.1078125 0.47578125 0.215625 0.6265625
2 0.26796875 0.5078125 0.178125 0.5390625
1 0.26953125 0.20390625 0.078125 0.0640625
2 0.49375 0.4578125 0.253125 0.6984375
1 0.35546875 0.21875 0.078125 0.0625
2 0.3953125 0.490625 0.2078125 0.609375
1 0.46953125 0.13828125 0.078125 0.0625
2 0.715625 0.48515625 0.2671875 0.796875
2 0.31015625 0.48984375 0.2 0.5890625
1 0.22109375 0.24453125 0.0609375 0.0578125
2 0.175 0.50546875 0.23125 0.55