2 0.93046875 0.565625 0.125 0.70546875
1 0.1484375 0.178125 0.20078125 0.11640625
1 0.36796875 0.21796875 0.1390625 0.10078125
2 0.1546875 0.56015625 0.3 0.8796875
2 0.38515625 0.5765625 0.28515625 0.81796875
1 0.54375 0.15625 0.15703125 0.09609375
1 0.8828125 0.22109375 0.0875 0.05546875
2 0.7828125 0.56953125 0.409375 0.8546875
1 0.9421875 0.2515625 0.1109375 0.08046875
1 0.68203125 0.17734375 0.11171875 0.065625
2 0.5765625 0.56171875 0.22265625 0.8203125
1 0.78671875 0.1703125 0.15078125 0.09296875