2 0.6015625 0.5484375 0.3296875 0.89765625
2 0.27421875 0.5640625 0.44296875 0.84765625
1 0.18984375 0.19609375 0.18203125 0.14453125
1 0.84453125 0.21796875 0.19375 0.1203125
1 0.58671875 0.13046875 0.1875 0.11328125
1 0.353125 0.06484375 0.165625 0.09296875
1 0.06953125 0.271875 0.1390625 0.14765625
1 0.48515625 0.078125 0.1421875 0.084375
1 0.8578125 0.075 0.16015625 0.1046875
1 0.71171875 0.03828125 0.18359375 0.0765625
2 0.871875 0.5859375 0.24453125 0.828125
1 0.34140625 0.21640625 0.146875 0.1421875