2 0.67890625 0.703125 0.253125 0.578125
2 0.721875 0.4546875 0.13125 0.425
2 0.57265625 0.68125 0.14375 0.63125
1 0.5265625 0.13046875 0.084375 0.1125
2 0.3140625 0.70859375 0.1375 0.5828125
2 0.44609375 0.690625 0.165625 0.6109375
2 0.87421875 0.628125 0.21875 0.73125
1 0.1921875 0.0875 0.1015625 0.1203125
2 0.1625 0.63984375 0.271875 0.709375
2 0.56171875 0.334375 0.2125 0.490625
1 0.6796875 0.46171875 0.1 0.1234375
2 0.21875 0.31640625 0.328125 0.5375
1 0.325 0.4265625 0.10625 0.13125
1 0.4390625 0.38203125 0.103125 0.115625