2 0.7171875 0.66171875 0.3671875 0.61875
2 0.7078125 0.409375 0.215625 0.4421875
2 0.60859375 0.6625 0.271875 0.646875
1 0.44921875 0.1328125 0.1046875 0.128125
2 0.3609375 0.721875 0.25625 0.55625
2 0.4859375 0.690625 0.2875 0.61875
2 0.8546875 0.54765625 0.290625 0.7609375
1 0.11328125 0.16015625 0.125 0.1390625
2 0.20234375 0.665625 0.4046875 0.66875
2 0.52578125 0.325 0.3109375 0.525
1 0.66796875 0.425 0.1234375 0.1421875
2 0.2015625 0.378125 0.403125 0.59375
1 0.31328125 0.46484375 0.13125 0.1515625
1 0.415625 0.39765625 0.1265625 0.1359375