2 0.55546875 0.6359375 0.05625 0.33125
2 0.359375 0.6171875 0.0671875 0.3609375
2 0.88203125 0.6078125 0.046875 0.2640625
2 0.61171875 0.60859375 0.0546875 0.25625
0 0.30546875 0.7234375 0.0640625 0.09375
2 0.31484375 0.71328125 0.0609375 0.1734375
2 0.0765625 0.6078125 0.125 0.3
0 0.3703125 0.5640625 0.0515625 0.11875
2 0.42109375 0.57421875 0.0671875 0.1609375
0 0.32734375 0.61875 0.0265625 0.04375
1 0.3234375 0.63515625 0.0359375 0.0359375
2 0.328125 0.5921875 0.0375 0.0859375
0 0.89296875 0.5703125 0.0546875 0.0765625
1 0.88046875 0.49921875 0.0375 0.04375
0 0.06953125 0.56640625 0.084375 0.121875
1 0.08359375 0.478125 0.040625 0.04375
1 0.33046875 0.5703125 0.01875 0.0296875
1 0.35859375 0.45703125 0.0359375 0.0609375
0 0.4203125 0.5453125 0.0390625 0.0515625
1 0.42109375 0.50234375 0.028125 0.028125
0 0.55703125 0.57734375 0.0609375 0.0953125
1 0.55859375 0.49609375 0.028125 0.053125
0 0.62578125 0.57421875 0.071875 0.1046875
1 0.609375 0.49375 0.0265625 0.0421875