2 0.54609375 0.63984375 0.0796875 0.334375
2 0.3515625 0.60703125 0.0921875 0.3640625
2 0.8734375 0.63359375 0.065625 0.2671875
2 0.60390625 0.615625 0.071875 0.259375
0 0.290625 0.709375 0.0703125 0.096875
2 0.30078125 0.7 0.0734375 0.1765625
2 0.07109375 0.57734375 0.1421875 0.3078125
0 0.365625 0.5546875 0.059375 0.121875
2 0.41640625 0.56875 0.078125 0.165625
0 0.31953125 0.60625 0.0296875 0.0453125
1 0.3140625 0.62265625 0.0375 0.0375
2 0.321875 0.58046875 0.04375 0.0875
0 0.88671875 0.59765625 0.0609375 0.0796875
1 0.8796875 0.525 0.040625 0.046875
0 0.06640625 0.53671875 0.0921875 0.128125
1 0.08671875 0.44921875 0.04375 0.046875
1 0.3265625 0.55859375 0.021875 0.03125
1 0.36171875 0.446875 0.0390625 0.0640625
0 0.4171875 0.53984375 0.0421875 0.0546875
1 0.42109375 0.496875 0.0296875 0.0296875
0 0.5515625 0.58125 0.0671875 0.0984375
1 0.55859375 0.50078125 0.03125 0.0546875
0 0.6203125 0.5828125 0.078125 0.109375
1 0.609375 0.5015625 0.0296875 0.04375