2 0.5578125 0.63515625 0.05078125 0.33046875
2 0.36171875 0.61953125 0.0609375 0.359375
2 0.88359375 0.60078125 0.0421875 0.2640625
2 0.61328125 0.60625 0.05 0.25546875
0 0.309375 0.7265625 0.0625 0.0921875
2 0.31875 0.71640625 0.05859375 0.171875
2 0.078125 0.61484375 0.11953125 0.2984375
0 0.37109375 0.56640625 0.05 0.11796875
2 0.42265625 0.57578125 0.0640625 0.16015625
0 0.3296875 0.621875 0.02578125 0.04296875
1 0.32578125 0.63828125 0.03515625 0.03515625
2 0.3296875 0.5953125 0.03671875 0.08515625
0 0.89375 0.56328125 0.05390625 0.075
1 0.88046875 0.4921875 0.03671875 0.04375
0 0.07109375 0.57421875 0.08203125 0.12109375
1 0.08359375 0.48515625 0.03984375 0.04375
1 0.33203125 0.5734375 0.01875 0.0296875
1 0.3578125 0.459375 0.034375 0.0609375
0 0.42109375 0.546875 0.03828125 0.05078125
1 0.42109375 0.50390625 0.02734375 0.02734375
0 0.55859375 0.5765625 0.05859375 0.09375
1 0.55859375 0.4953125 0.02734375 0.05234375
0 0.62734375 0.571875 0.06953125 0.10390625
1 0.609375 0.4921875 0.02578125 0.04140625