2 0.165625 0.65859375 0.171875 0.6828125
2 0.36796875 0.60078125 0.1625 0.6875
2 0.509375 0.6359375 0.159375 0.728125
2 0.5375 0.590625 0.103125 0.6734375
2 0.6421875 0.6625 0.165625 0.665625
2 0.18046875 0.35390625 0.0453125 0.1421875
2 0.21171875 0.5171875 0.0703125 0.328125
2 0.2359375 0.3890625 0.034375 0.1203125
2 0.25703125 0.36953125 0.05 0.1609375
2 0.33359375 0.3390625 0.0359375 0.1296875
2 0.709375 0.4578125 0.0671875 0.3140625
2 0.6203125 0.32578125 0.01875 0.05
2 0.81015625 0.3359375 0.028125 0.0578125
2 0.83046875 0.33046875 0.0265625 0.0546875
2 0.8671875 0.328125 0.03125 0.0515625
2 0.89921875 0.32421875 0.021875 0.0453125
2 0.92109375 0.31953125 0.0328125 0.0671875
2 0.98359375 0.3953125 0.0328125 0.190625
0 0.36015625 0.48984375 0.1125 0.2359375