2 0.15703125 0.6515625 0.1359375 0.696875
2 0.3625 0.59375 0.1265625 0.68125
2 0.503125 0.6375 0.12109375 0.725
2 0.5328125 0.5921875 0.06875 0.6703125
2 0.63359375 0.66953125 0.13203125 0.66015625
2 0.18828125 0.3375 0.03828125 0.13984375
2 0.2109375 0.50234375 0.05390625 0.32578125
2 0.2421875 0.37578125 0.02890625 0.11875
2 0.2640625 0.35703125 0.0421875 0.159375
2 0.3421875 0.33046875 0.02890625 0.128125
2 0.7109375 0.46875 0.05078125 0.31171875
2 0.62890625 0.33203125 0.015625 0.04921875
2 0.81796875 0.35234375 0.02578125 0.05703125
2 0.8390625 0.34765625 0.0234375 0.053125
2 0.87578125 0.34765625 0.028125 0.05
2 0.9078125 0.3453125 0.0203125 0.04375
2 0.9296875 0.3421875 0.0296875 0.06640625
2 0.98828125 0.42109375 0.0234375 0.1890625
0 0.3609375 0.4828125 0.1 0.23125