2 0.20703125 0.690625 0.3109375 0.61875
2 0.39140625 0.62578125 0.2984375 0.690625
2 0.53828125 0.63203125 0.3046875 0.73125
2 0.55546875 0.58046875 0.240625 0.665625
2 0.67265625 0.62890625 0.2984375 0.671875
2 0.15703125 0.4234375 0.0734375 0.1453125
2 0.22109375 0.57734375 0.1359375 0.328125
2 0.21875 0.446875 0.059375 0.121875
2 0.23515625 0.42265625 0.08125 0.165625
2 0.30390625 0.37734375 0.0609375 0.13125
2 0.6953125 0.41484375 0.1296875 0.3140625
2 0.58125 0.3046875 0.028125 0.0515625
2 0.76875 0.275 0.0390625 0.0625
2 0.78828125 0.26484375 0.0359375 0.0578125
2 0.8234375 0.25546875 0.040625 0.05625
2 0.85390625 0.2453125 0.03125 0.046875
2 0.87421875 0.23671875 0.0453125 0.071875
2 0.9515625 0.29765625 0.071875 0.1890625
0 0.3609375 0.51953125 0.15625 0.25