2 0.50390625 0.58046875 0.4421875 0.8390625
1 0.3109375 0.3171875 0.1359375 0.1453125
1 0.49375 0.2359375 0.1390625 0.140625
1 0.884375 0.27421875 0.1078125 0.10625
1 0.7390625 0.3453125 0.0921875 0.0984375
1 0.0953125 0.28203125 0.128125 0.1515625
2 0.27265625 0.62890625 0.2578125 0.7421875
2 0.740625 0.64375 0.171875 0.6984375
1 0.40703125 0.3078125 0.0609375 0.0671875
1 0.2296875 0.340625 0.08125 0.121875
2 0.121875 0.6 0.24375 0.8
2 0.86796875 0.60546875 0.2640625 0.7640625
1 0.5953125 0.34296875 0.046875 0.0671875
2 0.61484375 0.4625 0.18125 0.3875
2 0.40234375 0.37578125 0.1046875 0.2109375
1 0.44609375 0.23984375 0.0390625 0.10625
1 0.49375 0.29140625 0.121875 0.0390625
1 0.05859375 0.259375 0.0546875 0.0890625
1 0.35625 0.35234375 0.0359375 0.034375
1 0.3671875 0.3046875 0.034375 0.05