2 0.50078125 0.584375 0.4140625 0.83125
1 0.3171875 0.3109375 0.13046875 0.14140625
1 0.503125 0.2359375 0.134375 0.13671875
1 0.8921875 0.2875 0.10390625 0.103125
1 0.74453125 0.35390625 0.08828125 0.0953125
1 0.103125 0.26796875 0.12265625 0.146875
2 0.26875 0.6265625 0.23203125 0.7453125
2 0.73515625 0.65234375 0.1484375 0.69375
1 0.4140625 0.3046875 0.05859375 0.06484375
1 0.23515625 0.33125 0.07734375 0.11953125
2 0.1140625 0.5953125 0.225 0.809375
2 0.87109375 0.61953125 0.25078125 0.75546875
1 0.60078125 0.34609375 0.0453125 0.065625
2 0.61640625 0.46640625 0.16796875 0.38125
2 0.40703125 0.37265625 0.09765625 0.20703125
1 0.45546875 0.23828125 0.03515625 0.10546875
1 0.50078125 0.29140625 0.1203125 0.03515625
1 0.0671875 0.24375 0.0515625 0.08671875
1 0.36171875 0.34765625 0.034375 0.0328125
1 0.37421875 0.3 0.03203125 0.0484375