2 0.490625 0.57265625 0.5125 0.8546875
1 0.34140625 0.28984375 0.146875 0.15625
1 0.53515625 0.23828125 0.15 0.1515625
1 0.91484375 0.33671875 0.115625 0.115625
1 0.76015625 0.38515625 0.1 0.1046875
1 0.134375 0.22109375 0.1390625 0.1609375
2 0.2546875 0.59765625 0.321875 0.76875
2 0.7140625 0.66328125 0.23125 0.6734375
1 0.43828125 0.2953125 0.065625 0.071875
1 0.2578125 0.3 0.090625 0.128125
2 0.1328125 0.546875 0.265625 0.83125
2 0.84140625 0.63671875 0.3171875 0.7265625
1 0.61875 0.359375 0.053125 0.0703125
2 0.61953125 0.48046875 0.2125 0.3984375
2 0.4234375 0.3625 0.121875 0.2171875
1 0.4875 0.23515625 0.0484375 0.109375
1 0.5265625 0.29296875 0.1234375 0.05
1 0.1015625 0.19296875 0.0625 0.0921875
1 0.38125 0.33203125 0.0375 0.0375
1 0.39921875 0.2859375 0.0375 0.0515625