2 0.378125 0.5359375 0.0625 0.3140625
2 0.48359375 0.53984375 0.06640625 0.36171875
2 0.61328125 0.6546875 0.10078125 0.2484375
2 0.85859375 0.446875 0.04765625 0.26875
2 0.696875 0.8484375 0.16328125 0.303125
2 0.3140625 0.815625 0.13515625 0.18359375
0 0.3796875 0.47734375 0.04296875 0.10390625
0 0.484375 0.4875 0.04375 0.12578125
0 0.6 0.59453125 0.05546875 0.11484375
0 0.33515625 0.79765625 0.08359375 0.13828125
0 0.6765625 0.853125 0.11171875 0.19921875
0 0.7921875 0.80859375 0.04765625 0.11953125
1 0.384375 0.4 0.02890625 0.0359375
1 0.4828125 0.37890625 0.03046875 0.03828125
1 0.85078125 0.328125 0.02421875 0.025
2 0.084375 0.4359375 0.04609375 0.22890625
0 0.08828125 0.40078125 0.028125 0.08671875
1 0.08828125 0.33203125 0.0203125 0.02109375
1 0.68046875 0.6625 0.02265625 0.05703125