2 0.38359375 0.55078125 0.1 0.31875
2 0.48828125 0.54140625 0.109375 0.3671875
2 0.63125 0.63984375 0.1296875 0.259375
2 0.84921875 0.40390625 0.0796875 0.271875
2 0.7375 0.821875 0.1984375 0.3203125
2 0.35390625 0.8359375 0.15625 0.1984375
0 0.378125 0.4921875 0.0546875 0.1078125
0 0.4828125 0.48984375 0.059375 0.1296875
0 0.6109375 0.58125 0.06875 0.1203125
0 0.37265625 0.815625 0.1 0.146875
0 0.71796875 0.82890625 0.1359375 0.2109375
0 0.82734375 0.7703125 0.0625 0.125
1 0.3734375 0.41484375 0.0328125 0.0390625
1 0.46796875 0.38203125 0.034375 0.0421875
1 0.82734375 0.28671875 0.0265625 0.028125
2 0.0796875 0.48671875 0.0734375 0.2328125
0 0.07890625 0.4515625 0.0390625 0.0890625
1 0.07109375 0.38359375 0.0234375 0.0234375
1 0.69921875 0.6390625 0.0296875 0.059375