2 0.37734375 0.53359375 0.06875 0.315625
2 0.4828125 0.53984375 0.0734375 0.3625
2 0.6109375 0.65703125 0.1046875 0.25
2 0.859375 0.453125 0.0515625 0.2703125
2 0.690625 0.84921875 0.16875 0.3015625
2 0.30859375 0.8125 0.1390625 0.1859375
0 0.38046875 0.475 0.0453125 0.1046875
0 0.484375 0.4875 0.0453125 0.1265625
0 0.5984375 0.59609375 0.0578125 0.115625
0 0.3296875 0.79453125 0.0859375 0.1390625
0 0.6703125 0.85625 0.115625 0.2015625
0 0.78671875 0.81328125 0.05 0.1203125
1 0.3859375 0.39765625 0.0296875 0.0359375
1 0.48515625 0.37890625 0.03125 0.0390625
1 0.85390625 0.334375 0.025 0.025
2 0.0859375 0.42890625 0.05 0.2296875
0 0.08984375 0.39375 0.0296875 0.0875
1 0.09140625 0.325 0.0203125 0.021875
1 0.67734375 0.665625 0.0234375 0.0578125