2 0.0671875 0.63125 0.134375 0.7328125
2 0.2734375 0.57265625 0.2078125 0.57890625
2 0.4671875 0.6796875 0.21796875 0.57265625
2 0.69140625 0.6203125 0.2125 0.69609375
2 0.67578125 0.3734375 0.16640625 0.19921875
1 0.6796875 0.37109375 0.0953125 0.09375
1 0.66796875 0.3234375 0.0796875 0.10390625
1 0.4484375 0.428125 0.13515625 0.0953125
1 0.28125 0.3140625 0.08828125 0.065625
1 0.034375 0.32421875 0.06796875 0.096875
0 0.059375 0.54453125 0.11875 0.2953125
0 0.28984375 0.4921875 0.159375 0.2203125
0 0.4890625 0.6234375 0.175 0.2640625
0 0.7046875 0.58203125 0.16171875 0.2796875
0 0.62421875 0.39921875 0.04140625 0.08203125