2 0.0953125 0.53828125 0.190625 0.7453125
2 0.26328125 0.52421875 0.3234375 0.609375
2 0.43046875 0.66875 0.3328125 0.6046875
2 0.6625 0.64765625 0.353125 0.7046875
2 0.6984375 0.4125 0.2046875 0.2296875
1 0.70234375 0.4109375 0.1125 0.1109375
1 0.70078125 0.3625 0.1 0.11875
1 0.46484375 0.41875 0.1515625 0.121875
1 0.325 0.27265625 0.1 0.0828125
1 0.08125 0.23125 0.0859375 0.109375
0 0.07421875 0.45078125 0.1484375 0.3140625
0 0.29609375 0.4484375 0.2015625 0.2484375
0 0.46328125 0.61875 0.2265625 0.2953125
0 0.6828125 0.62265625 0.215625 0.3078125
0 0.6421875 0.42734375 0.0578125 0.0890625