2 0.07109375 0.6359375 0.1421875 0.728125
2 0.275 0.5765625 0.2171875 0.5828125
2 0.4703125 0.68046875 0.228125 0.5765625
2 0.69375 0.6171875 0.225 0.7
2 0.6734375 0.3703125 0.1703125 0.2015625
1 0.67734375 0.36796875 0.096875 0.0953125
1 0.66484375 0.3203125 0.08125 0.1046875
1 0.446875 0.42890625 0.1375 0.0984375
1 0.278125 0.31796875 0.0890625 0.0671875
1 0.0328125 0.33203125 0.065625 0.0984375
0 0.0609375 0.5515625 0.121875 0.296875
0 0.28984375 0.49609375 0.1625 0.2234375
0 0.49140625 0.6234375 0.1796875 0.2671875
0 0.70625 0.578125 0.1671875 0.2828125
0 0.62265625 0.396875 0.0421875 0.0828125