2 0.35390625 0.85234375 0.1375 0.26875
2 0.8515625 0.7796875 0.20625 0.440625
2 0.75625 0.7296875 0.184375 0.540625
2 0.1328125 0.696875 0.1390625 0.4375
2 0.02734375 0.69140625 0.0546875 0.4140625
2 0.51328125 0.3984375 0.1984375 0.4609375
2 0.3375 0.73046875 0.1140625 0.2734375
2 0.4375 0.86640625 0.128125 0.2671875
0 0.5171875 0.9171875 0.0859375 0.1609375
2 0.5234375 0.89296875 0.084375 0.2140625
0 0.590625 0.95546875 0.053125 0.0890625
2 0.5875 0.93671875 0.084375 0.1265625
1 0.01953125 0.5046875 0.0390625 0.06875
1 0.15859375 0.5125 0.0640625 0.0625
0 0.340625 0.7203125 0.0796875 0.1421875
1 0.35546875 0.62890625 0.0453125 0.0546875
1 0.38203125 0.76015625 0.05625 0.05
0 0.425 0.85859375 0.0890625 0.1546875
1 0.47890625 0.765625 0.0515625 0.059375
1 0.5703125 0.22109375 0.0765625 0.0859375
1 0.875 0.60078125 0.0640625 0.0671875
0 0.025 0.62890625 0.05 0.1484375
0 0.13671875 0.628125 0.0984375 0.1625
0 0.340625 0.9015625 0.09375 0.165625
1 0.59296875 0.88359375 0.0359375 0.0484375
1 0.5640625 0.79921875 0.0671875 0.0671875
0 0.91171875 0.92734375 0.0734375 0.1453125