2 0.44375 0.87265625 0.121875 0.2546875
2 0.91484375 0.71796875 0.1703125 0.5015625
2 0.809375 0.68203125 0.1453125 0.5796875
2 0.19140625 0.7796875 0.109375 0.4359375
2 0.0546875 0.80078125 0.09375 0.3984375
2 0.48828125 0.3984375 0.16875 0.4546875
2 0.3984375 0.76328125 0.096875 0.2703125
2 0.52734375 0.86953125 0.1109375 0.2609375
0 0.6171875 0.90078125 0.075 0.1578125
2 0.61875 0.88125 0.0703125 0.2234375
0 0.7015625 0.93046875 0.0453125 0.1078125
2 0.69296875 0.91328125 0.075 0.146875
1 0.0296875 0.62265625 0.046875 0.065625
1 0.171875 0.59453125 0.0609375 0.059375
0 0.39921875 0.75234375 0.0703125 0.1390625
1 0.390625 0.66015625 0.0421875 0.053125
1 0.4484375 0.78125 0.053125 0.046875
0 0.5140625 0.865625 0.078125 0.1515625
1 0.54453125 0.7625 0.046875 0.0578125
1 0.50078125 0.2125 0.071875 0.08125
1 0.88828125 0.50703125 0.0609375 0.0625
0 0.05234375 0.74453125 0.078125 0.1453125
0 0.178125 0.7125 0.0875 0.1578125
0 0.44296875 0.9234375 0.0828125 0.153125
1 0.6828125 0.84921875 0.0328125 0.046875
1 0.634375 0.77421875 0.0640625 0.0640625
0 0.99140625 0.84921875 0.0171875 0.2171875