2 0.4109375 0.87109375 0.09921875 0.25625
2 0.896875 0.75390625 0.13125 0.4921875
2 0.7921875 0.70859375 0.09609375 0.57421875
2 0.16796875 0.7515625 0.071875 0.43125
2 0.0296875 0.76875 0.05859375 0.409375
2 0.496875 0.39765625 0.13046875 0.4453125
2 0.37578125 0.753125 0.0734375 0.26484375
2 0.4953125 0.871875 0.0890625 0.25625
0 0.58203125 0.909375 0.0625 0.153125
2 0.58515625 0.88984375 0.05078125 0.21953125
0 0.66328125 0.94609375 0.03671875 0.10546875
2 0.65625 0.92890625 0.0625 0.1421875
1 0.02109375 0.58125 0.0421875 0.0625
1 0.16484375 0.565625 0.05703125 0.05390625
0 0.37734375 0.7421875 0.05859375 0.13515625
1 0.37734375 0.65 0.03828125 0.05
1 0.42421875 0.77578125 0.05 0.04296875
0 0.48203125 0.865625 0.06640625 0.14609375
1 0.52109375 0.765625 0.04296875 0.05390625
1 0.52578125 0.21328125 0.065625 0.0765625
1 0.8859375 0.540625 0.05546875 0.05859375
0 0.0328125 0.7046875 0.065625 0.140625
0 0.1609375 0.68359375 0.075 0.15234375
0 0.40546875 0.921875 0.06953125 0.15625
1 0.6515625 0.8640625 0.0296875 0.04375
1 0.61015625 0.78515625 0.05859375 0.059375
0 0.9796875 0.89296875 0.040625 0.2140625