2 0.63984375 0.1859375 0.11796875 0.36015625
2 0.56875 0.553125 0.2328125 0.890625
2 0.4140625 0.56953125 0.334375 0.8609375
2 0.265625 0.2265625 0.10390625 0.32421875
2 0.24296875 0.60703125 0.19375 0.78515625
2 0.1625 0.278125 0.1375 0.39765625
1 0.21328125 0.265625 0.13125 0.1421875
1 0.07109375 0.24765625 0.13359375 0.15234375
1 0.8 0.084375 0.1078125 0.11484375
1 0.4828125 0.0921875 0.09140625 0.10390625
1 0.72265625 0.05859375 0.06953125 0.06953125
1 0.1625 0.14140625 0.11953125 0.1328125
1 0.70703125 0.225 0.1234375 0.14140625
2 0.1109375 0.59296875 0.20546875 0.8140625
1 0.6375 0.04765625 0.109375 0.09453125
1 0.4078125 0.21796875 0.0890625 0.14375
2 0.9140625 0.18359375 0.1265625 0.25546875
1 0.91328125 0.13125 0.10546875 0.1109375
1 0.86328125 0.09375 0.053125 0.06328125
1 0.3203125 0.1859375 0.12109375 0.1453125
1 0.55703125 0.13359375 0.1078125 0.10546875
1 0.97578125 0.053125 0.0453125 0.0796875
1 0.71796875 0.1171875 0.06796875 0.0671875
1 0.40625 0.06015625 0.0921875 0.096875
1 0.01875 0.23828125 0.0359375 0.11484375
2 0.2359375 0.13671875 0.0875 0.165625
2 0.46796875 0.2171875 0.1125 0.33125
2 0.8265625 0.52421875 0.18515625 0.940625
2 0.0984375 0.0921875 0.10078125 0.16328125
1 0.27890625 0.08125 0.05546875 0.04921875
2 0.934375 0.5125 0.13125 0.965625
1 0.57109375 0.03203125 0.04453125 0.03203125
1 0.20234375 0.06875 0.053125 0.0359375
1 0.009375 0.22421875 0.0171875 0.05078125
2 0.8609375 0.16484375 0.06875 0.20625
1 0.253125 0.06640625 0.040625 0.02734375
2 0.815625 0.1953125 0.1609375 0.31875
1 0.56171875 0.090625 0.05 0.02734375
1 0.6875 0.01328125 0.04921875 0.025
1 0.4828125 0.05625 0.0609375 0.046875
1 0.6828125 0.06640625 0.01640625 0.06484375
1 0.69140625 0.0921875 0.0140625 0.0421875