2 0.66640625 0.19921875 0.1484375 0.36875
2 0.5640625 0.55234375 0.309375 0.8953125
2 0.40859375 0.55859375 0.4078125 0.8828125
2 0.290625 0.20703125 0.13125 0.3328125
2 0.234375 0.584375 0.2609375 0.7984375
2 0.1828125 0.24921875 0.171875 0.4078125
1 0.23515625 0.24140625 0.14375 0.153125
1 0.09453125 0.2109375 0.146875 0.1640625
1 0.83515625 0.11171875 0.1171875 0.1234375
1 0.51875 0.0921875 0.1 0.1109375
1 0.76015625 0.0796875 0.075 0.075
1 0.1953125 0.11328125 0.13125 0.1421875
1 0.73046875 0.24375 0.1359375 0.1515625
2 0.12109375 0.5578125 0.2421875 0.828125
1 0.6765625 0.06171875 0.1171875 0.103125
1 0.4328125 0.2109375 0.1015625 0.1515625
2 0.9328125 0.2203125 0.134375 0.265625
1 0.94296875 0.16796875 0.1140625 0.1203125
1 0.89765625 0.12734375 0.0578125 0.0671875
1 0.3484375 0.17109375 0.1328125 0.1546875
1 0.5890625 0.13984375 0.1171875 0.1140625
1 0.99375 0.09609375 0.0125 0.0828125
1 0.75078125 0.1375 0.0734375 0.0734375
1 0.4453125 0.05390625 0.1 0.1046875
1 0.04375 0.19765625 0.0453125 0.1171875
2 0.26875 0.11484375 0.1015625 0.171875
2 0.49296875 0.215625 0.140625 0.3390625
2 0.82265625 0.5375 0.2671875 0.925
2 0.13515625 0.071875 0.1140625 0.14375
1 0.31640625 0.06328125 0.059375 0.053125
2 0.91171875 0.53125 0.1765625 0.9375
1 0.61171875 0.03984375 0.046875 0.0359375
1 0.24140625 0.04453125 0.05625 0.040625
1 0.03515625 0.1828125 0.021875 0.0515625
2 0.8890625 0.19765625 0.0859375 0.2109375
1 0.2921875 0.046875 0.0421875 0.03125
2 0.840625 0.22421875 0.1875 0.33125
1 0.596875 0.09765625 0.0515625 0.03125
1 0.72890625 0.03125 0.0515625 0.0296875
1 0.521875 0.05625 0.0640625 0.0515625
1 0.71953125 0.084375 0.021875 0.065625
1 0.7265625 0.11015625 0.0171875 0.04375