2 0.71640625 0.2328125 0.2078125 0.378125
2 0.55234375 0.55390625 0.4546875 0.8921875
2 0.39921875 0.5421875 0.5453125 0.915625
2 0.34453125 0.175 0.184375 0.340625
2 0.22421875 0.53671875 0.390625 0.8078125
2 0.23046875 0.20390625 0.2359375 0.4078125
1 0.28359375 0.19921875 0.1640625 0.171875
1 0.15078125 0.1453125 0.16875 0.18125
1 0.89765625 0.1765625 0.134375 0.1390625
1 0.5890625 0.1015625 0.115625 0.1234375
1 0.8296875 0.13125 0.0859375 0.0859375
1 0.2671875 0.07265625 0.15 0.1453125
1 0.77109375 0.28828125 0.15625 0.16875
2 0.15234375 0.48828125 0.3046875 0.8390625
1 0.75 0.0984375 0.1296875 0.1203125
1 0.48359375 0.20390625 0.1234375 0.1625
2 0.94375 0.30078125 0.1125 0.2796875
1 0.9640625 0.25 0.071875 0.134375
1 0.95625 0.2015625 0.0671875 0.075
1 0.4078125 0.15 0.1546875 0.171875
1 0.65 0.1609375 0.13125 0.1296875
1 0.809375 0.18671875 0.0828125 0.0828125
1 0.52265625 0.0546875 0.1140625 0.109375
1 0.103125 0.12265625 0.0640625 0.1203125
2 0.3390625 0.0859375 0.128125 0.171875
2 0.5421875 0.21875 0.19375 0.3484375
2 0.79921875 0.56484375 0.4015625 0.8703125
2 0.21796875 0.046875 0.1390625 0.09375
1 0.39453125 0.03828125 0.065625 0.0625
2 0.8640625 0.5703125 0.271875 0.859375
1 0.68984375 0.06640625 0.0515625 0.0421875
1 0.32421875 0.01484375 0.0609375 0.0296875
1 0.09765625 0.10625 0.0296875 0.053125
2 0.93515625 0.26953125 0.1203125 0.2171875
1 0.3734375 0.01796875 0.046875 0.0359375
2 0.88203125 0.2875 0.2359375 0.35
1 0.665625 0.1203125 0.0546875 0.0390625
1 0.80703125 0.078125 0.0546875 0.0375
1 0.5984375 0.0671875 0.0703125 0.0609375
1 0.7890625 0.128125 0.0328125 0.0671875
1 0.790625 0.15546875 0.025 0.04375