2 0.5953125 0.41796875 0.2796875 0.4828125
2 0.903125 0.41015625 0.19375 0.4203125
2 0.25546875 0.6078125 0.4984375 0.784375
1 0.59453125 0.225 0.09375 0.09375
1 0.76875 0.33515625 0.025 0.0234375
1 0.84140625 0.2984375 0.028125 0.0265625
1 0.84453125 0.24609375 0.0671875 0.0609375
2 0.753125 0.3953125 0.0796875 0.1375
2 0.84921875 0.33046875 0.053125 0.0859375
1 0.2140625 0.2734375 0.0859375 0.071875
2 0.83046875 0.36328125 0.0609375 0.0984375
1 0.553125 0.271875 0.034375 0.0390625
1 0.8265625 0.32421875 0.0203125 0.015625
1 0.59921875 0.26015625 0.0734375 0.05
1 0.56015625 0.23203125 0.0203125 0.0375
1 0.55078125 0.03984375 0.0984375 0.0796875
1 0.1875 0.13984375 0.0921875 0.0796875
1 0.828125 0.26875 0.0171875 0.0203125