2 0.615625 0.4515625 0.2359375 0.4703125
2 0.91640625 0.5421875 0.1671875 0.4125
2 0.22578125 0.5546875 0.4234375 0.8203125
1 0.675 0.26796875 0.0875 0.0875
1 0.80625 0.42578125 0.0234375 0.021875
1 0.88671875 0.41328125 0.0265625 0.025
1 0.90625 0.36484375 0.0640625 0.05625
2 0.7734375 0.478125 0.0671875 0.134375
2 0.884375 0.446875 0.0453125 0.084375
1 0.29765625 0.19609375 0.08125 0.065625
2 0.85625 0.471875 0.0515625 0.0953125
1 0.62109375 0.29921875 0.03125 0.0375
1 0.86484375 0.43359375 0.0203125 0.0140625
1 0.66875 0.30234375 0.0703125 0.04375
1 0.640625 0.2640625 0.0171875 0.0359375
1 0.6953125 0.065625 0.0890625 0.1
1 0.3140625 0.0609375 0.0875 0.071875
1 0.88359375 0.38125 0.015625 0.01875