2 0.61015625 0.43984375 0.1890625 0.453125
2 0.9265625 0.4984375 0.13984375 0.4
2 0.2328125 0.5828125 0.3421875 0.78828125
1 0.65 0.25078125 0.0796875 0.0796875
1 0.796875 0.39453125 0.021875 0.01953125
1 0.87578125 0.3734375 0.02421875 0.021875
1 0.88984375 0.3234375 0.05859375 0.05
2 0.76953125 0.45 0.05390625 0.1296875
2 0.8765625 0.40703125 0.03671875 0.08046875
1 0.2671875 0.21875 0.07578125 0.0578125
2 0.8515625 0.43515625 0.0421875 0.09140625
1 0.59921875 0.2875 0.028125 0.034375
1 0.85625 0.39609375 0.01875 0.01171875
1 0.646875 0.2859375 0.0671875 0.0375
1 0.61484375 0.25078125 0.0140625 0.03515625
1 0.64921875 0.04765625 0.08046875 0.09140625
1 0.26953125 0.0828125 0.08046875 0.0640625
1 0.86875 0.3421875 0.0140625 0.0171875