1 0.12578125 0.46484375 0.0375 0.0359375
1 0.18515625 0.49296875 0.0359375 0.0421875
1 0.82578125 0.4828125 0.0359375 0.0359375
1 0.40703125 0.478125 0.0359375 0.0390625
1 0.21953125 0.4703125 0.03125 0.0296875
1 0.75546875 0.46171875 0.0390625 0.0359375
1 0.79296875 0.44921875 0.0296875 0.0265625
1 0.71953125 0.44609375 0.0390625 0.0375
1 0.56171875 0.44375 0.0359375 0.0375
1 0.628125 0.47421875 0.046875 0.04375
1 0.53515625 0.4609375 0.0328125 0.034375
1 0.68828125 0.48828125 0.0390625 0.034375
1 0.4578125 0.5 0.0328125 0.0375
1 0.42734375 0.46484375 0.01875 0.0171875
2 0.190625 0.63125 0.0734375 0.3125
2 0.43359375 0.49453125 0.0328125 0.0765625
1 0.59296875 0.46640625 0.0328125 0.0328125
2 0.8328125 0.60546875 0.06875 0.28125
1 0.4875 0.46796875 0.034375 0.0453125
2 0.4140625 0.63125 0.0890625 0.3296875
2 0.378125 0.6328125 0.0625 0.290625
2 0.52265625 0.625 0.065625 0.29375
2 0.6875 0.609375 0.0640625 0.30625
2 0.23125 0.63359375 0.0984375 0.36875
2 0.75703125 0.60546875 0.0703125 0.3234375
2 0.8 0.5796875 0.0609375 0.2796875
2 0.45390625 0.625 0.059375 0.296875
2 0.5984375 0.4921875 0.040625 0.084375
2 0.48828125 0.628125 0.096875 0.3484375
1 0.67109375 0.46875 0.0328125 0.0328125
2 0.62421875 0.66796875 0.1359375 0.4390625
2 0.1265625 0.6125 0.0921875 0.321875
2 0.56875 0.628125 0.1078125 0.3921875
2 0.7203125 0.61171875 0.084375 0.34375
1 0.69296875 0.44296875 0.0296875 0.0265625
2 0.33515625 0.615625 0.1421875 0.425
1 0.50625 0.4859375 0.0171875 0.021875
1 0.37890625 0.48125 0.01875 0.0296875
2 0.66171875 0.4890625 0.0359375 0.078125
1 0.653125 0.4703125 0.0171875 0.01875
1 0.578125 0.47578125 0.01875 0.028125