1 0.13125 0.42578125 0.0375 0.0359375
1 0.1875 0.46015625 0.0359375 0.0421875
1 0.82578125 0.5171875 0.0359375 0.0359375
1 0.41015625 0.46875 0.0359375 0.0390625
1 0.2234375 0.440625 0.03125 0.0296875
1 0.7578125 0.48828125 0.0390625 0.0359375
1 0.796875 0.48046875 0.0296875 0.0265625
1 0.7234375 0.46953125 0.0390625 0.0375
1 0.5671875 0.45 0.0359375 0.0375
1 0.6296875 0.48828125 0.046875 0.04375
1 0.5390625 0.46484375 0.0328125 0.034375
1 0.68828125 0.50859375 0.0390625 0.034375
1 0.4578125 0.4953125 0.0328125 0.0375
1 0.43125 0.45703125 0.01875 0.0171875
2 0.17890625 0.5984375 0.0734375 0.3125
2 0.434375 0.48828125 0.0328125 0.0765625
1 0.59609375 0.47578125 0.0328125 0.0328125
2 0.81953125 0.63984375 0.06875 0.28125
1 0.490625 0.46640625 0.034375 0.0453125
2 0.40078125 0.621875 0.0890625 0.3296875
2 0.36484375 0.61953125 0.0625 0.290625
2 0.51015625 0.6265625 0.065625 0.29375
2 0.675 0.628125 0.0640625 0.30625
2 0.21875 0.6046875 0.0984375 0.36875
2 0.74453125 0.63203125 0.0703125 0.3234375
2 0.78984375 0.6109375 0.0609375 0.2796875
2 0.44140625 0.61953125 0.059375 0.296875
2 0.5984375 0.503125 0.040625 0.084375
2 0.475 0.6265625 0.096875 0.3484375
1 0.6734375 0.4875 0.0328125 0.0328125
2 0.60625 0.6796875 0.1359375 0.4390625
2 0.11640625 0.57265625 0.0921875 0.321875
2 0.5546875 0.634375 0.1078125 0.3921875
2 0.70703125 0.634375 0.084375 0.34375
1 0.69765625 0.46328125 0.0296875 0.0265625
2 0.32421875 0.59765625 0.1421875 0.425
1 0.5078125 0.4859375 0.0171875 0.021875
1 0.38125 0.46875 0.01875 0.0296875
2 0.66171875 0.50625 0.0359375 0.078125
1 0.65546875 0.4859375 0.0171875 0.01875
1 0.5796875 0.48359375 0.01875 0.028125