1 0.128125 0.4453125 0.03515625 0.03359375
1 0.1859375 0.4765625 0.03359375 0.040625
1 0.8265625 0.5 0.034375 0.03359375
1 0.40859375 0.4734375 0.03359375 0.03671875
1 0.22109375 0.45546875 0.0296875 0.028125
1 0.75703125 0.475 0.03671875 0.03359375
1 0.7953125 0.46484375 0.02890625 0.025
1 0.721875 0.4578125 0.0375 0.0359375
1 0.56484375 0.446875 0.03359375 0.03515625
1 0.62890625 0.48125 0.0453125 0.04140625
1 0.5375 0.4625 0.03046875 0.03359375
1 0.68828125 0.4984375 0.0375 0.03203125
1 0.4578125 0.49765625 0.03046875 0.03671875
1 0.42890625 0.4609375 0.0171875 0.01640625
2 0.184375 0.61484375 0.05703125 0.309375
2 0.43359375 0.49140625 0.0296875 0.075
1 0.59453125 0.47109375 0.03046875 0.03203125
2 0.8265625 0.62265625 0.05390625 0.27890625
1 0.4890625 0.4671875 0.0328125 0.04375
2 0.40703125 0.6265625 0.07265625 0.3265625
2 0.37109375 0.6265625 0.04765625 0.28828125
2 0.51640625 0.62578125 0.05 0.2921875
2 0.68125 0.61875 0.0484375 0.3046875
2 0.225 0.61953125 0.0796875 0.365625
2 0.75078125 0.61875 0.05390625 0.32109375
2 0.7953125 0.5953125 0.04609375 0.27734375
2 0.44765625 0.62265625 0.04375 0.2953125
2 0.5984375 0.49765625 0.0359375 0.0828125
2 0.48125 0.62734375 0.0796875 0.3453125
1 0.67265625 0.478125 0.03125 0.03046875
2 0.615625 0.67421875 0.11328125 0.434375
2 0.12109375 0.59296875 0.075 0.31875
2 0.56171875 0.63125 0.0875 0.3875
2 0.7140625 0.6234375 0.0671875 0.340625
1 0.6953125 0.453125 0.028125 0.025
2 0.3296875 0.60703125 0.12109375 0.41875
1 0.50703125 0.4859375 0.01640625 0.02109375
1 0.3796875 0.475 0.01796875 0.02890625
2 0.66171875 0.49765625 0.03203125 0.07578125
1 0.6546875 0.478125 0.015625 0.01796875
1 0.57890625 0.4796875 0.0171875 0.0265625