2 0.4921875 0.54921875 0.1734375 0.9015625
2 0.75625 0.5515625 0.21328125 0.89453125
2 0.28984375 0.559375 0.1875 0.88125
2 0.0453125 0.53671875 0.0890625 0.9234375
1 0.77734375 0.19921875 0.16640625 0.18203125
1 0.475 0.134375 0.10390625 0.10390625
1 0.25390625 0.2296875 0.10234375 0.11796875
1 0.0484375 0.16171875 0.096875 0.16484375
0 0.0484375 0.70390625 0.096875 0.5921875
0 0.28203125 0.478125 0.16015625 0.31640625
0 0.521875 0.41328125 0.20859375 0.3265625
0 0.75859375 0.534375 0.221875 0.39765625