2 0.77890625 0.49609375 0.2421875 0.7734375
2 0.56015625 0.45 0.17890625 0.73046875
2 0.1796875 0.46015625 0.21484375 0.7921875
2 0.38828125 0.478125 0.18984375 0.709375
1 0.20078125 0.11484375 0.08671875 0.065625
1 0.396875 0.1609375 0.06953125 0.05546875
1 0.56328125 0.13125 0.078125 0.06953125
1 0.77265625 0.140625 0.07421875 0.08203125
0 0.184375 0.31015625 0.17578125 0.28828125
0 0.4078125 0.37265625 0.14765625 0.2796875
0 0.56953125 0.3359375 0.13671875 0.22578125
0 0.7640625 0.35234375 0.159375 0.246875