2 0.6515625 0.73203125 0.27421875 0.52109375
2 0.33203125 0.728125 0.33671875 0.45625
2 0.3640625 0.271875 0.12109375 0.52109375
2 0.26484375 0.246875 0.10390625 0.3921875
2 0.49921875 0.32109375 0.10078125 0.21328125
2 0.46328125 0.140625 0.0625 0.1734375
2 0.5609375 0.2421875 0.09375 0.16015625
2 0.740625 0.2515625 0.0953125 0.15625
2 0.83203125 0.25703125 0.075 0.13671875
2 0.9390625 0.225 0.1078125 0.18046875
1 0.6734375 0.54921875 0.128125 0.15234375
1 0.4609375 0.55859375 0.1125 0.1421875
0 0.8546875 0.2421875 0.0328125 0.06640625
1 0.89453125 0.175 0.034375 0.059375
1 0.815625 0.2046875 0.04296875 0.05078125
0 0.73515625 0.2484375 0.05 0.096875
1 0.74296875 0.18046875 0.03984375 0.05078125
0 0.53671875 0.2328125 0.05078125 0.0625
1 0.57421875 0.19140625 0.03828125 0.065625
0 0.45546875 0.12109375 0.04375 0.06953125
1 0.4609375 0.06875 0.03515625 0.0296875
1 0.365625 0.0375 0.0609375 0.05546875
1 0.271875 0.0796875 0.06640625 0.065625
1 0.48828125 0.253125 0.065625 0.0765625
0 0.35546875 0.2140625 0.10546875 0.2
0 0.28671875 0.2109375 0.065625 0.16015625
0 0.509375 0.315625 0.046875 0.0796875
0 0.94921875 0.1765625 0.05546875 0.07265625
0 0.65390625 0.78671875 0.203125 0.36640625
0 0.3265625 0.6625 0.16484375 0.23125