2 0.703125 0.68828125 0.3921875 0.571875
2 0.3921875 0.75 0.4375 0.5
2 0.31328125 0.31171875 0.24375 0.534375
2 0.2109375 0.3109375 0.1953125 0.40625
2 0.45625 0.3265625 0.15 0.23125
2 0.37734375 0.16015625 0.103125 0.1828125
2 0.496875 0.23515625 0.1296875 0.178125
2 0.6734375 0.20078125 0.1296875 0.175
2 0.76328125 0.18359375 0.10625 0.1515625
2 0.859375 0.1265625 0.1484375 0.2015625
1 0.68046875 0.50546875 0.1609375 0.178125
1 0.4765625 0.56640625 0.14375 0.165625
0 0.78203125 0.1640625 0.0484375 0.071875
1 0.80390625 0.0890625 0.0484375 0.065625
1 0.73515625 0.13671875 0.0546875 0.059375
0 0.6671875 0.19921875 0.071875 0.10625
1 0.65859375 0.13125 0.0515625 0.059375
0 0.47109375 0.23203125 0.0640625 0.0734375
1 0.49765625 0.1828125 0.053125 0.0734375
0 0.36484375 0.14296875 0.059375 0.078125
1 0.3578125 0.090625 0.040625 0.0375
1 0.2578125 0.08359375 0.071875 0.06875
1 0.17734375 0.14765625 0.0796875 0.0796875
1 0.42890625 0.26328125 0.0828125 0.090625
0 0.290625 0.2578125 0.15 0.2203125
0 0.2234375 0.27109375 0.103125 0.171875
0 0.46484375 0.31875 0.0640625 0.0890625
0 0.8578125 0.07734375 0.071875 0.084375
0 0.71875 0.740625 0.2859375 0.4046875
0 0.37109375 0.7 0.215625 0.2640625