2 0.67109375 0.71796875 0.31875 0.54375
2 0.35234375 0.7421875 0.375 0.484375
2 0.34453125 0.284375 0.165625 0.5296875
2 0.24375 0.26796875 0.1375 0.4
2 0.48359375 0.321875 0.11875 0.221875
2 0.43203125 0.1453125 0.078125 0.178125
2 0.53828125 0.2375 0.1078125 0.1671875
2 0.71796875 0.23125 0.1078125 0.1640625
2 0.809375 0.22890625 0.0859375 0.1421875
2 0.91328125 0.1875 0.1234375 0.1890625
1 0.67734375 0.53359375 0.140625 0.1625
1 0.46640625 0.56171875 0.125 0.1515625
0 0.83125 0.2125 0.0390625 0.06875
1 0.86484375 0.1421875 0.0390625 0.0625
1 0.7890625 0.178125 0.046875 0.0546875
0 0.7125 0.22890625 0.0578125 0.1015625
1 0.7140625 0.16015625 0.04375 0.0546875
0 0.51328125 0.23046875 0.05625 0.0671875
1 0.546875 0.1859375 0.04375 0.06875
0 0.42265625 0.1265625 0.05 0.0734375
1 0.4234375 0.0734375 0.0375 0.0328125
1 0.32578125 0.05078125 0.065625 0.0609375
1 0.2359375 0.10078125 0.071875 0.071875
1 0.4671875 0.25546875 0.071875 0.08125
0 0.33125 0.228125 0.121875 0.2078125
0 0.2625 0.23046875 0.0796875 0.165625
0 0.49296875 0.315625 0.053125 0.0828125
0 0.91953125 0.13828125 0.0609375 0.0765625
0 0.678125 0.771875 0.234375 0.3828125
0 0.34140625 0.67734375 0.184375 0.2453125