2 0.4546875 0.6375 0.30625 0.725
2 0.73203125 0.5125 0.5015625 0.975
2 0.26796875 0.48984375 0.3765625 0.9796875
0 0.259375 0.50390625 0.2984375 0.5921875
0 0.36015625 0.36875 0.046875 0.0859375
2 0.35703125 0.353125 0.04375 0.115625
2 0.3953125 0.37890625 0.0484375 0.1453125
1 0.34765625 0.07890625 0.1703125 0.1578125
1 0.77734375 0.128125 0.1953125 0.178125
1 0.49375 0.33828125 0.1484375 0.1203125
1 0.365625 0.30625 0.025 0.028125
0 0.403125 0.35859375 0.04375 0.0640625
1 0.40625 0.31640625 0.025 0.03125
0 0.44765625 0.675 0.234375 0.4578125
0 0.7328125 0.64453125 0.4109375 0.6953125