2 0.49375 0.640625 0.30625 0.71875
2 0.73359375 0.490625 0.5015625 0.98125
2 0.27265625 0.52734375 0.3765625 0.9453125
0 0.2703125 0.5703125 0.2984375 0.5921875
0 0.32890625 0.4125 0.046875 0.0859375
2 0.32265625 0.39765625 0.04375 0.115625
2 0.36640625 0.4125 0.0484375 0.1453125
1 0.234375 0.12578125 0.1703125 0.18125
1 0.66328125 0.07734375 0.1953125 0.1546875
1 0.44921875 0.34609375 0.1484375 0.1203125
1 0.3171875 0.35078125 0.025 0.028125
0 0.36796875 0.390625 0.04375 0.0640625
1 0.35859375 0.34921875 0.025 0.03125
0 0.49765625 0.6828125 0.234375 0.4578125
0 0.7640625 0.575 0.4109375 0.6953125