2 0.47421875 0.64453125 0.21015625 0.70703125
2 0.73515625 0.50390625 0.36875 0.98046875
2 0.26796875 0.51796875 0.2453125 0.9640625
0 0.2625 0.5375 0.221875 0.56640625
0 0.34296875 0.38984375 0.03515625 0.08125
2 0.33828125 0.37421875 0.028125 0.1125
2 0.3796875 0.39453125 0.02890625 0.1421875
1 0.2890625 0.0921875 0.14921875 0.16171875
1 0.72265625 0.09296875 0.175 0.1546875
1 0.47109375 0.340625 0.13515625 0.10234375
1 0.33984375 0.3265625 0.02109375 0.02578125
0 0.384375 0.3734375 0.03515625 0.059375
1 0.38125 0.33125 0.02109375 0.028125
0 0.47265625 0.68046875 0.17578125 0.4375
0 0.75078125 0.6109375 0.32265625 0.65625