2 0.7078125 0.47890625 0.2546875 0.653125
2 0.2453125 0.52734375 0.1796875 0.484375
2 0.46640625 0.51875 0.1875 0.5015625
2 0.9109375 0.57109375 0.1640625 0.4765625
2 0.04375 0.4859375 0.0875 0.484375
1 0.91875 0.36015625 0.078125 0.05625
1 0.70546875 0.190625 0.1125 0.0640625
1 0.46796875 0.29140625 0.0859375 0.0546875
1 0.27265625 0.31015625 0.06875 0.053125
1 0.034375 0.2625 0.053125 0.034375
0 0.0375 0.41484375 0.075 0.2078125
0 0.24296875 0.45390625 0.16875 0.2015625
0 0.45234375 0.45078125 0.18125 0.1859375
0 0.91875 0.51015625 0.1546875 0.1890625