2 0.70703125 0.471875 0.23203125 0.64609375
2 0.24609375 0.5359375 0.16328125 0.47890625
2 0.4671875 0.51953125 0.17109375 0.4953125
2 0.91328125 0.55703125 0.14765625 0.471875
2 0.03984375 0.50234375 0.0796875 0.48203125
1 0.91328125 0.3453125 0.0765625 0.05390625
1 0.69453125 0.18359375 0.1109375 0.0609375
1 0.4609375 0.29296875 0.08359375 0.05234375
1 0.26640625 0.31796875 0.06640625 0.05078125
1 0.0265625 0.27890625 0.05234375 0.0328125
0 0.034375 0.43125 0.06875 0.20625
0 0.24140625 0.46328125 0.16171875 0.19609375
0 0.45078125 0.45234375 0.175 0.18046875
0 0.91875 0.4953125 0.14765625 0.18359375