2 0.7078125 0.47578125 0.24375 0.65
2 0.2453125 0.53125 0.171875 0.48125
2 0.4671875 0.51875 0.1796875 0.4984375
2 0.9125 0.5640625 0.15625 0.475
2 0.04140625 0.49453125 0.0828125 0.4828125
1 0.915625 0.35234375 0.078125 0.0546875
1 0.7 0.18671875 0.1125 0.0625
1 0.46484375 0.2921875 0.084375 0.053125
1 0.26953125 0.3140625 0.0671875 0.0515625
1 0.03046875 0.2703125 0.053125 0.034375
0 0.0359375 0.4234375 0.071875 0.2078125
0 0.2421875 0.45859375 0.165625 0.1984375
0 0.4515625 0.4515625 0.178125 0.1828125
0 0.91875 0.50234375 0.1515625 0.1859375