2 0.30703125 0.7015625 0.14375 0.58203125
2 0.5734375 0.72109375 0.25 0.5578125
2 0.21328125 0.71953125 0.14765625 0.55390625
1 0.18828125 0.49765625 0.08984375 0.1375
1 0.28125 0.4359375 0.0796875 0.07109375
1 0.54296875 0.5171875 0.13671875 0.16484375
2 0.67265625 0.78359375 0.0671875 0.4328125
1 0.66640625 0.590625 0.04296875 0.04296875
0 0.315625 0.66328125 0.14453125 0.221875
0 0.21484375 0.7796875 0.16640625 0.34921875
0 0.565625 0.8390625 0.175 0.321875
0 0.66484375 0.74453125 0.0796875 0.19609375