2 0.371875 0.509375 0.134375 0.2453125
2 0.5125 0.53515625 0.1 0.2125
2 0.7109375 0.64765625 0.15625 0.3328125
2 0.621875 0.58359375 0.1546875 0.2296875
2 0.575 0.53515625 0.1046875 0.2234375
2 0.4484375 0.5171875 0.1046875 0.2203125
2 0.315625 0.47734375 0.121875 0.2328125
1 0.75625 0.50390625 0.04375 0.0515625
1 0.46953125 0.44296875 0.0359375 0.040625
1 0.5296875 0.45078125 0.0390625 0.0390625
1 0.59921875 0.45625 0.0421875 0.0453125
1 0.6375 0.4765625 0.0515625 0.05625
1 0.35078125 0.41171875 0.0375 0.0296875
1 0.39921875 0.41328125 0.046875 0.04375