2 0.37578125 0.53203125 0.096875 0.2375
2 0.51875 0.53203125 0.065625 0.2078125
2 0.73359375 0.60859375 0.103125 0.325
2 0.634375 0.5609375 0.121875 0.215625
2 0.58046875 0.52109375 0.06875 0.21875
2 0.45234375 0.52578125 0.0703125 0.215625
2 0.31484375 0.51015625 0.0859375 0.225
1 0.753125 0.459375 0.0375 0.046875
1 0.46015625 0.44921875 0.03125 0.0359375
1 0.52109375 0.44609375 0.034375 0.034375
1 0.58984375 0.43984375 0.0359375 0.040625
1 0.63125 0.453125 0.04375 0.05
1 0.3375 0.4390625 0.034375 0.025
1 0.38515625 0.43203125 0.0421875 0.0375