2 0.37734375 0.53828125 0.084375 0.2328125
2 0.5203125 0.53125 0.0546875 0.20546875
2 0.7390625 0.59609375 0.0859375 0.32109375
2 0.6375 0.55390625 0.1109375 0.21015625
2 0.58125 0.5171875 0.05703125 0.215625
2 0.45390625 0.528125 0.05859375 0.21328125
2 0.315625 0.51953125 0.07421875 0.221875
1 0.75078125 0.44609375 0.03515625 0.0453125
1 0.4578125 0.4515625 0.0296875 0.034375
1 0.51796875 0.4453125 0.0328125 0.0328125
1 0.58671875 0.43515625 0.034375 0.03828125
1 0.62890625 0.44609375 0.04140625 0.0484375
1 0.334375 0.44765625 0.0328125 0.02265625
1 0.38203125 0.43828125 0.03984375 0.03515625