2 0.65 0.25703125 0.21875 0.2296875
2 0.50390625 0.7828125 0.4265625 0.434375
2 0.70234375 0.49921875 0.390625 0.5859375
2 0.50078125 0.4609375 0.2515625 0.2671875
2 0.30390625 0.43671875 0.184375 0.2609375
2 0.171875 0.56640625 0.2296875 0.3875
2 0.2609375 0.65859375 0.234375 0.2703125
2 0.52890625 0.64375 0.34375 0.3703125
1 0.26796875 0.3421875 0.0625 0.0546875
1 0.365625 0.40546875 0.0984375 0.109375
1 0.59296875 0.20390625 0.0921875 0.0828125
1 0.55 0.3125 0.11875 0.1109375
1 0.15703125 0.6015625 0.0515625 0.0625
1 0.40703125 0.55546875 0.10625 0.1015625
1 0.46796875 0.66640625 0.1609375 0.15
2 0.4078125 0.48984375 0.175 0.1515625