2 0.7078125 0.30390625 0.175 0.19140625
2 0.42578125 0.79609375 0.3328125 0.4078125
2 0.6953125 0.5515625 0.26015625 0.5375
2 0.5109375 0.4625 0.2015625 0.22265625
2 0.3265625 0.38828125 0.128125 0.2359375
2 0.165625 0.47890625 0.140625 0.3640625
2 0.228125 0.59140625 0.18046875 0.23125
2 0.490625 0.64609375 0.2734375 0.309375
1 0.31640625 0.2875 0.05390625 0.0421875
1 0.39453125 0.37421875 0.0765625 0.0921875
1 0.66640625 0.23828125 0.078125 0.0640625
1 0.596875 0.33203125 0.0984375 0.0890625
1 0.1421875 0.509375 0.0390625 0.0546875
1 0.39609375 0.5296875 0.0875 0.08125
1 0.42578125 0.65234375 0.134375 0.11875
2 0.41328125 0.46640625 0.14921875 0.11640625