2 0.5171875 0.49609375 0.234375 0.9359375
2 0.19140625 0.36953125 0.1125 0.4828125
2 0.3359375 0.32421875 0.09140625 0.36640625
2 0.87578125 0.29765625 0.08515625 0.37734375
2 0.0921875 0.3390625 0.1125 0.49375
2 0.65234375 0.28984375 0.08046875 0.29609375
2 0.71328125 0.2609375 0.04921875 0.19765625
2 0.7765625 0.2578125 0.04921875 0.2046875
2 0.91796875 0.26640625 0.04921875 0.23515625
1 0.1015625 0.11171875 0.0640625 0.0609375
1 0.1953125 0.15234375 0.05546875 0.05546875
0 0.34453125 0.28515625 0.12109375 0.184375
1 0.3515625 0.1546875 0.046875 0.0453125
1 0.53203125 0.078125 0.10625 0.08203125
0 0.653125 0.25546875 0.0765625 0.121875
2 0.62421875 0.23046875 0.04375 0.18359375
0 0.625 0.2203125 0.0484375 0.07421875
1 0.63125 0.15234375 0.0296875 0.04140625
1 0.66796875 0.1671875 0.03671875 0.04140625
0 0.7109375 0.24140625 0.05 0.090625
1 0.71796875 0.1734375 0.01875 0.028125
0 0.76484375 0.24296875 0.05 0.090625
1 0.78203125 0.17578125 0.02421875 0.03828125
1 0.875 0.1375 0.03671875 0.04296875
0 0.92890625 0.23203125 0.03671875 0.08125
1 0.91328125 0.1625 0.01953125 0.0296875
2 0.94375 0.2515625 0.046875 0.2015625
1 0.93046875 0.1625 0.02578125 0.02734375
0 0.53125 0.33984375 0.1734375 0.30859375
0 0.0890625 0.24453125 0.11796875 0.1875
0 0.1828125 0.30859375 0.10078125 0.2015625