2 0.5171875 0.4953125 0.2671875 0.94375
2 0.18671875 0.38046875 0.1296875 0.4859375
2 0.3296875 0.3296875 0.1046875 0.36875
2 0.86875 0.284375 0.0984375 0.3796875
2 0.08671875 0.353125 0.1296875 0.496875
2 0.64453125 0.284375 0.090625 0.2984375
2 0.7046875 0.25390625 0.05625 0.2
2 0.76796875 0.2484375 0.05625 0.20625
2 0.909375 0.25234375 0.0578125 0.2375
1 0.08828125 0.12578125 0.065625 0.0625
1 0.18359375 0.16328125 0.0578125 0.0578125
0 0.3375 0.290625 0.128125 0.1890625
1 0.33984375 0.16015625 0.0484375 0.046875
1 0.5171875 0.07734375 0.109375 0.0859375
0 0.64453125 0.25 0.08125 0.125
2 0.61484375 0.2265625 0.05 0.184375
0 0.61484375 0.21640625 0.0515625 0.0765625
1 0.61875 0.14765625 0.03125 0.0421875
1 0.65625 0.16171875 0.0375 0.0421875
0 0.7015625 0.234375 0.053125 0.0921875
1 0.70625 0.16640625 0.0203125 0.028125
0 0.75546875 0.23359375 0.053125 0.0921875
1 0.7703125 0.16640625 0.025 0.0390625
1 0.8625 0.125 0.0375 0.04375
0 0.91953125 0.2171875 0.0390625 0.0828125
1 0.9015625 0.1484375 0.0203125 0.0296875
2 0.93515625 0.2359375 0.053125 0.203125
1 0.91875 0.14765625 0.0265625 0.028125
0 0.52578125 0.3390625 0.184375 0.3140625
0 0.08046875 0.259375 0.125 0.1921875
0 0.1765625 0.31953125 0.1078125 0.2046875