2 0.5171875 0.49609375 0.25 0.940625
2 0.1890625 0.375 0.1203125 0.484375
2 0.3328125 0.32734375 0.0984375 0.3671875
2 0.871875 0.29140625 0.0921875 0.378125
2 0.0890625 0.34609375 0.121875 0.4953125
2 0.6484375 0.2875 0.0859375 0.296875
2 0.709375 0.25703125 0.053125 0.1984375
2 0.77265625 0.253125 0.053125 0.20625
2 0.9140625 0.259375 0.053125 0.2359375
1 0.09453125 0.11875 0.065625 0.0625
1 0.1890625 0.1578125 0.05625 0.05625
0 0.340625 0.28828125 0.125 0.1859375
1 0.3453125 0.15703125 0.0484375 0.046875
1 0.525 0.07734375 0.1078125 0.084375
0 0.64921875 0.253125 0.078125 0.1234375
2 0.61953125 0.228125 0.046875 0.184375
0 0.6203125 0.21796875 0.05 0.075
1 0.625 0.15 0.0296875 0.0421875
1 0.6625 0.1640625 0.0375 0.0421875
0 0.70625 0.2375 0.0515625 0.0921875
1 0.7125 0.16953125 0.01875 0.028125
0 0.76015625 0.23828125 0.0515625 0.0921875
1 0.7765625 0.17109375 0.025 0.0390625
1 0.86875 0.13125 0.0375 0.04375
0 0.92421875 0.22421875 0.0375 0.08125
1 0.90703125 0.15546875 0.0203125 0.0296875
2 0.9390625 0.24375 0.05 0.203125
1 0.92421875 0.1546875 0.0265625 0.028125
0 0.528125 0.3390625 0.178125 0.3109375
0 0.084375 0.2515625 0.121875 0.1890625
0 0.1796875 0.3140625 0.1046875 0.203125