2 0.4390625 0.43125 0.13828125 0.45703125
2 0.2484375 0.40234375 0.1296875 0.49140625
2 0.63984375 0.47890625 0.1140625 0.346875
2 0.8703125 0.5421875 0.0765625 0.21640625
1 0.4640625 0.22265625 0.05546875 0.05546875
2 0.70390625 0.5078125 0.06328125 0.28671875
1 0.26640625 0.1875 0.06640625 0.06171875
1 0.64453125 0.31796875 0.0390625 0.0375
1 0.6921875 0.371875 0.0359375 0.0296875
1 0.76328125 0.390625 0.0328125 0.02578125
1 0.71796875 0.39921875 0.03046875 0.02734375
1 0.8609375 0.44453125 0.0265625 0.028125