2 0.7109375 0.49453125 0.3078125 0.471875
2 0.50859375 0.51171875 0.2828125 0.4375
2 0.2328125 0.5734375 0.2234375 0.471875
2 0.12265625 0.57734375 0.2453125 0.4453125
2 0.3828125 0.5375 0.2671875 0.3859375
0 0.75078125 0.3921875 0.165625 0.1953125
1 0.7140625 0.2859375 0.0921875 0.0671875
0 0.496875 0.421875 0.1171875 0.153125
1 0.5109375 0.32578125 0.096875 0.08125
0 0.37890625 0.4671875 0.13125 0.1765625
1 0.39609375 0.39375 0.090625 0.0765625
1 0.221875 0.36328125 0.0953125 0.0875
1 0.1421875 0.37734375 0.0953125 0.0859375
0 0.0890625 0.4953125 0.15 0.190625
0 0.2015625 0.47890625 0.1375 0.178125