2 0.7078125 0.53828125 0.22265625 0.434375
2 0.50625 0.51328125 0.203125 0.40390625
2 0.2234375 0.51640625 0.13203125 0.45390625
2 0.1078125 0.49609375 0.17578125 0.4171875
2 0.37734375 0.5125 0.19765625 0.35234375
0 0.76796875 0.446875 0.13203125 0.171875
1 0.75390625 0.33515625 0.08359375 0.05078125
0 0.51328125 0.42265625 0.08984375 0.1375
1 0.546875 0.33203125 0.08515625 0.065625
0 0.38828125 0.44296875 0.10078125 0.159375
1 0.4203125 0.37421875 0.0796875 0.0609375
1 0.25625 0.30859375 0.08125 0.07265625
1 0.17578125 0.30546875 0.08203125 0.07109375
0 0.09921875 0.41015625 0.11640625 0.1703125
0 0.2125 0.4171875 0.10625 0.16015625