2 0.690625 0.590625 0.328125 0.4765625
2 0.50234375 0.5140625 0.3 0.4421875
2 0.22890625 0.44453125 0.2453125 0.471875
2 0.13046875 0.39453125 0.2609375 0.4484375
2 0.378125 0.48046875 0.2828125 0.3921875
0 0.77265625 0.51796875 0.171875 0.2
1 0.78828125 0.40625 0.09375 0.0703125
0 0.5328125 0.42890625 0.121875 0.15625
1 0.5890625 0.35 0.1 0.0859375
0 0.40703125 0.415625 0.1390625 0.1796875
1 0.45546875 0.3578125 0.0921875 0.0796875
1 0.3140625 0.25234375 0.096875 0.090625
1 0.2375 0.228125 0.096875 0.090625
0 0.1359375 0.309375 0.15625 0.1953125
0 0.24375 0.3453125 0.14375 0.1828125