2 0.14921875 0.484375 0.2984375 0.96875
1 0.1625 0.10625 0.265625 0.2125
2 0.33984375 0.52109375 0.5515625 0.9578125
1 0.38203125 0.07734375 0.05625 0.0578125
2 0.67421875 0.42265625 0.2234375 0.6828125
1 0.91640625 0.20625 0.08125 0.08125
2 0.47578125 0.5828125 0.340625 0.828125
2 0.3984375 0.3234375 0.1890625 0.5875
1 0.72265625 0.1171875 0.0671875 0.0734375
1 0.44296875 0.059375 0.084375 0.08125
1 0.32265625 0.18984375 0.1703125 0.259375
1 0.540625 0.203125 0.1640625 0.178125
2 0.58515625 0.490625 0.15 0.584375
2 0.90546875 0.5546875 0.1890625 0.890625
1 0.58515625 0.10390625 0.0828125 0.09375
1 0.59453125 0.12890625 0.0546875 0.0484375
2 0.846875 0.48359375 0.221875 0.6453125