2 0.15 0.52578125 0.3 0.9484375
1 0.10859375 0.16171875 0.2171875 0.2578125
2 0.34765625 0.5375 0.5515625 0.925
1 0.296875 0.1109375 0.05625 0.0578125
2 0.65390625 0.38828125 0.2234375 0.6828125
1 0.84609375 0.12578125 0.08125 0.08125
2 0.49375 0.5859375 0.340625 0.828125
2 0.3640625 0.3484375 0.1890625 0.5875
1 0.63828125 0.0796875 0.0671875 0.0734375
1 0.35234375 0.08125 0.084375 0.08125
1 0.2625 0.23359375 0.1703125 0.259375
1 0.478125 0.2015625 0.1640625 0.178125
2 0.58125 0.4734375 0.15 0.584375
2 0.909375 0.4890625 0.18125 0.940625
1 0.50078125 0.09453125 0.0828125 0.09375
1 0.515625 0.1171875 0.0546875 0.0484375
1 0.94453125 0.05625 0.0296875 0.06875
2 0.8359375 0.41171875 0.221875 0.6453125