2 0.1265625 0.51015625 0.24140625 0.975
1 0.121875 0.12109375 0.2421875 0.234375
2 0.34296875 0.53984375 0.45859375 0.9203125
1 0.33828125 0.0921875 0.05078125 0.053125
2 0.66484375 0.4046875 0.1546875 0.6703125
1 0.88359375 0.1640625 0.0734375 0.07421875
2 0.484375 0.58515625 0.2578125 0.80546875
2 0.38046875 0.33515625 0.1296875 0.57734375
1 0.68125 0.09609375 0.0609375 0.0671875
1 0.396875 0.06796875 0.07734375 0.0734375
1 0.29140625 0.21015625 0.14609375 0.2453125
1 0.509375 0.20078125 0.14765625 0.1640625
2 0.58359375 0.48203125 0.08984375 0.578125
2 0.9328125 0.534375 0.134375 0.93125
1 0.54296875 0.096875 0.075 0.0859375
1 0.55546875 0.12109375 0.05078125 0.04296875
1 0.98828125 0.10546875 0.0234375 0.0671875
2 0.84296875 0.44765625 0.15703125 0.63203125