1 0.07265625 0.1375 0.1015625 0.275
1 0.19453125 0.13984375 0.1953125 0.2796875
1 0.38828125 0.17578125 0.184375 0.284375
1 0.5640625 0.20390625 0.1796875 0.3015625
1 0.71640625 0.17265625 0.18125 0.2921875
1 0.88671875 0.1828125 0.1796875 0.290625
1 0.9890625 0.26328125 0.021875 0.2390625
1 0.0390625 0.4421875 0.078125 0.290625
1 0.15546875 0.4546875 0.1890625 0.30625
1 0.3203125 0.47734375 0.1875 0.2875
1 0.49921875 0.4953125 0.1875 0.2921875
1 0.6734375 0.49609375 0.1859375 0.303125
1 0.8484375 0.52109375 0.1765625 0.290625
1 0.10234375 0.759375 0.2046875 0.29375
1 0.2984375 0.71953125 0.1875 0.2859375
1 0.4578125 0.80234375 0.1859375 0.3109375
1 0.63984375 0.809375 0.1953125 0.3
1 0.82265625 0.8390625 0.1859375 0.28125
1 0.95546875 0.81640625 0.0515625 0.2265625