1 0.0359375 0.175 0.071875 0.2875
1 0.15625 0.15546875 0.16484375 0.30234375
1 0.3546875 0.1890625 0.1578125 0.26953125
1 0.5328125 0.19921875 0.15078125 0.28671875
1 0.68125 0.1515625 0.15234375 0.27734375
1 0.8515625 0.14375 0.15234375 0.27578125
1 0.98203125 0.21171875 0.0359375 0.2359375
1 0.03046875 0.4921875 0.0609375 0.28515625
1 0.15234375 0.490625 0.16015625 0.29140625
1 0.31875 0.49609375 0.16015625 0.27265625
1 0.4984375 0.4953125 0.159375 0.27734375
1 0.671875 0.478125 0.15625 0.28828125
1 0.8484375 0.484375 0.14921875 0.27578125
1 0.1296875 0.80078125 0.18359375 0.27578125
1 0.32265625 0.7390625 0.159375 0.27109375
1 0.48984375 0.8046875 0.15625 0.296875
1 0.67109375 0.79296875 0.16640625 0.284375
1 0.85625 0.803125 0.159375 0.265625
1 0.9859375 0.7671875 0.028125 0.225