1 0.04140625 0.1671875 0.0765625 0.2890625
1 0.16171875 0.15078125 0.1703125 0.3015625
1 0.36015625 0.18671875 0.1625 0.271875
1 0.53828125 0.2 0.15625 0.2890625
1 0.6875 0.1546875 0.1578125 0.2796875
1 0.8578125 0.15 0.1578125 0.278125
1 0.9828125 0.21953125 0.034375 0.2359375
1 0.03125 0.48359375 0.0625 0.2859375
1 0.15234375 0.484375 0.165625 0.29375
1 0.31875 0.49296875 0.165625 0.275
1 0.4984375 0.4953125 0.1640625 0.2796875
1 0.671875 0.48125 0.1609375 0.290625
1 0.8484375 0.490625 0.1546875 0.278125
1 0.12421875 0.79453125 0.1890625 0.2796875
1 0.31875 0.7359375 0.1640625 0.2734375
1 0.484375 0.8046875 0.1609375 0.3
1 0.665625 0.79609375 0.171875 0.2875
1 0.85078125 0.809375 0.1640625 0.26875
1 0.98125 0.77578125 0.0328125 0.225