2 0.715625 0.440625 0.1171875 0.31875
2 0.471875 0.56796875 0.34375 0.8640625
0 0.24765625 0.55390625 0.2109375 0.365625
2 0.91015625 0.4828125 0.1796875 0.621875
2 0.79296875 0.43828125 0.1421875 0.3828125
2 0.5859375 0.4390625 0.1109375 0.3109375
2 0.6875 0.50234375 0.16875 0.4296875
2 0.85703125 0.43359375 0.2 0.54375
2 0.325 0.55078125 0.1546875 0.4375
2 0.109375 0.5484375 0.134375 0.3125
2 0.0234375 0.5359375 0.046875 0.171875
2 0.04375 0.52890625 0.071875 0.1734375
2 0.12265625 0.4984375 0.0609375 0.15625
2 0.62421875 0.4125 0.115625 0.3328125
0 0.46015625 0.49296875 0.2328125 0.3921875