2 0.646875 0.58984375 0.1078125 0.50703125
2 0.1 0.42109375 0.11328125 0.49453125
2 0.778125 0.471875 0.1921875 0.74765625
2 0.553125 0.36640625 0.0578125 0.16953125
1 0.1140625 0.2140625 0.078125 0.06640625
1 0.64375 0.3671875 0.05390625 0.06953125
1 0.72578125 0.1671875 0.08828125 0.1234375
0 0.5578125 0.3546875 0.0609375 0.07265625
1 0.56015625 0.296875 0.03828125 0.0453125
0 0.103125 0.3671875 0.14609375 0.19453125
0 0.66015625 0.515625 0.090625 0.19609375
0 0.80390625 0.30546875 0.16796875 0.27578125