2 0.7234375 0.49453125 0.075 0.315625
2 0.453125 0.56640625 0.228125 0.8671875
0 0.2421875 0.49140625 0.165625 0.3515625
2 0.92578125 0.58984375 0.1484375 0.6140625
2 0.79921875 0.5109375 0.0921875 0.3796875
2 0.5984375 0.46171875 0.0703125 0.309375
2 0.68125 0.54765625 0.1125 0.425
2 0.8625 0.521875 0.128125 0.5390625
2 0.31796875 0.50703125 0.096875 0.434375
2 0.109375 0.45234375 0.09375 0.30625
2 0.02109375 0.41796875 0.040625 0.1703125
2 0.05078125 0.41796875 0.0484375 0.171875
2 0.134375 0.40703125 0.040625 0.153125
2 0.6421875 0.44453125 0.0703125 0.33125
0 0.46328125 0.48359375 0.1859375 0.3765625