2 0.72265625 0.4828125 0.059375 0.3125
2 0.4578125 0.56953125 0.18359375 0.8609375
0 0.2421875 0.5046875 0.14765625 0.34453125
2 0.9359375 0.5671875 0.12734375 0.60859375
2 0.79921875 0.4953125 0.071875 0.3765625
2 0.59609375 0.45625 0.05390625 0.30625
2 0.68359375 0.53828125 0.090625 0.4203125
2 0.86328125 0.503125 0.1 0.534375
2 0.31875 0.51640625 0.07421875 0.43046875
2 0.10703125 0.47265625 0.078125 0.303125
2 0.0171875 0.44296875 0.03203125 0.16875
2 0.046875 0.44140625 0.03984375 0.16953125
2 0.1296875 0.4265625 0.03203125 0.15234375
2 0.6390625 0.4375 0.05390625 0.328125
0 0.4625 0.48515625 0.16640625 0.36796875