2 0.75703125 0.49609375 0.2421875 0.7390625
0 0.73671875 0.39296875 0.1765625 0.3046875
2 0.91171875 0.46796875 0.1765625 0.7265625
2 0.45546875 0.4265625 0.0796875 0.196875
2 0.08984375 0.55859375 0.0671875 0.1046875
2 0.525 0.34921875 0.034375 0.0640625
2 0.06796875 0.80546875 0.075 0.1609375
2 0.828125 0.49609375 0.1109375 0.18125
2 0.125 0.6390625 0.128125 0.1421875
2 0.70078125 0.67578125 0.1203125 0.2265625
2 0.43984375 0.56328125 0.0578125 0.1234375
2 0.6546875 0.55859375 0.078125 0.153125
2 0.42109375 0.72109375 0.1046875 0.221875
2 0.35078125 0.446875 0.046875 0.1328125
2 0.12734375 0.58359375 0.0609375 0.0859375
2 0.41953125 0.8421875 0.4828125 0.296875
2 0.1828125 0.8640625 0.28125 0.196875
0 0.9265625 0.36171875 0.146875 0.2796875