2 0.7546875 0.53671875 0.13046875 0.72734375
0 0.75078125 0.43125 0.1328125 0.2875
2 0.9390625 0.5375 0.121875 0.715625
2 0.4671875 0.4203125 0.05 0.19140625
2 0.0859375 0.49375 0.053125 0.096875
2 0.5484375 0.3546875 0.02578125 0.06015625
2 0.02578125 0.734375 0.05078125 0.15546875
2 0.825 0.54765625 0.08515625 0.1703125
2 0.1078125 0.57890625 0.109375 0.12734375
2 0.67109375 0.7046875 0.0875 0.21484375
2 0.43046875 0.553125 0.0390625 0.11875
2 0.64375 0.58203125 0.05625 0.14609375
2 0.3875 0.70625 0.07265625 0.21328125
2 0.3609375 0.42421875 0.0265625 0.1296875
2 0.11875 0.52421875 0.04921875 0.0796875
2 0.3671875 0.82578125 0.453125 0.22890625
2 0.1296875 0.81015625 0.259375 0.1578125
0 0.9453125 0.43046875 0.109375 0.26640625