2 0.75703125 0.5140625 0.19375 0.7359375
0 0.74375 0.409375 0.1578125 0.2984375
2 0.92421875 0.49921875 0.1515625 0.7234375
2 0.46015625 0.4234375 0.0671875 0.1953125
2 0.08671875 0.5296875 0.0609375 0.1015625
2 0.5359375 0.35078125 0.03125 0.0625
2 0.04765625 0.775 0.0640625 0.159375
2 0.828125 0.51953125 0.1 0.1765625
2 0.11640625 0.6125 0.1203125 0.1359375
2 0.68828125 0.6890625 0.10625 0.221875
2 0.43515625 0.55859375 0.05 0.121875
2 0.65 0.56953125 0.06875 0.15
2 0.40625 0.715625 0.090625 0.21875
2 0.3546875 0.43671875 0.0375 0.13125
2 0.12265625 0.55703125 0.05625 0.084375
2 0.39609375 0.8359375 0.471875 0.2671875
2 0.1578125 0.84140625 0.271875 0.1796875
0 0.93515625 0.3921875 0.1296875 0.275