2 0.30703125 0.54453125 0.371875 0.834375
2 0.40234375 0.5640625 0.275 0.8375
2 0.26484375 0.22421875 0.0890625 0.1859375
2 0.68984375 0.30703125 0.115625 0.1921875
2 0.184375 0.1359375 0.0453125 0.0765625
1 0.7578125 0.2234375 0.1234375 0.121875
2 0.09921875 0.209375 0.0796875 0.2125
2 0.54375 0.6 0.3 0.8
2 0.66796875 0.58515625 0.3453125 0.8296875
2 0.7796875 0.63984375 0.26875 0.7203125
2 0.19609375 0.3015625 0.1546875 0.396875
1 0.1609375 0.10390625 0.0359375 0.040625
2 0.2828125 0.1734375 0.05 0.0734375
1 0.23828125 0.12265625 0.0359375 0.0390625
2 0.1234375 0.28125 0.159375 0.39375
1 0.55 0.16171875 0.0734375 0.075
2 0.86015625 0.6578125 0.2796875 0.684375
2 0.22265625 0.53203125 0.2578125 0.721875
1 0.1234375 0.1140625 0.025 0.025
2 0.2578125 0.15703125 0.0421875 0.0640625
1 0.4671875 0.1625 0.06875 0.075
1 0.7171875 0.24140625 0.0453125 0.0609375
1 0.34609375 0.17890625 0.0421875 0.04375
2 0.06640625 0.2046875 0.071875 0.2109375
1 0.29609375 0.2203125 0.071875 0.0859375
1 0.8609375 0.30078125 0.0671875 0.071875
1 0.93359375 0.36875 0.0921875 0.1046875
1 0.6265625 0.23984375 0.0828125 0.0875
1 0.140625 0.13125 0.01875 0.025
2 0.33046875 0.23828125 0.06875 0.128125
1 0.1875 0.1109375 0.021875 0.0265625