2 0.30859375 0.55078125 0.3453125 0.8328125
2 0.4046875 0.5671875 0.246875 0.8390625
2 0.25546875 0.23203125 0.0828125 0.184375
2 0.6828125 0.30078125 0.1109375 0.190625
2 0.171875 0.146875 0.0421875 0.075
1 0.74765625 0.21484375 0.1203125 0.11875
2 0.0890625 0.2234375 0.0734375 0.2125
2 0.54765625 0.59921875 0.2734375 0.8015625
2 0.67265625 0.58203125 0.3171875 0.8359375
2 0.7859375 0.634375 0.2453125 0.728125
2 0.18984375 0.31171875 0.1421875 0.396875
1 0.14765625 0.115625 0.0359375 0.0390625
2 0.27109375 0.18125 0.0484375 0.071875
1 0.225 0.13203125 0.0359375 0.0375
2 0.115625 0.29453125 0.146875 0.39375
1 0.53828125 0.16015625 0.0703125 0.0734375
2 0.86953125 0.6515625 0.2609375 0.696875
2 0.2234375 0.54140625 0.234375 0.721875
1 0.11015625 0.12734375 0.0234375 0.025
2 0.2453125 0.165625 0.040625 0.0625
1 0.45546875 0.1640625 0.0671875 0.0734375
1 0.7078125 0.23359375 0.04375 0.059375
1 0.33515625 0.184375 0.0421875 0.0421875
2 0.05703125 0.2203125 0.065625 0.2109375
1 0.2859375 0.22734375 0.0703125 0.084375
1 0.85390625 0.2890625 0.0640625 0.0703125
1 0.92890625 0.353125 0.0890625 0.103125
1 0.6171875 0.2359375 0.0796875 0.0859375
1 0.128125 0.14375 0.01875 0.025
2 0.32109375 0.24375 0.065625 0.1265625
1 0.17421875 0.121875 0.021875 0.0265625