2 0.3203125 0.58359375 0.20859375 0.809375
2 0.41796875 0.5828125 0.10390625 0.83359375
2 0.2125 0.27890625 0.053125 0.178125
2 0.6453125 0.271875 0.08046875 0.1796875
2 0.115625 0.209375 0.03046875 0.07109375
1 0.69453125 0.17578125 0.1046875 0.10234375
2 0.04765625 0.29921875 0.0375 0.20859375
2 0.56484375 0.5953125 0.1359375 0.803125
2 0.6875 0.57109375 0.1703125 0.8578125
2 0.8046875 0.5828125 0.12265625 0.71796875
2 0.16171875 0.36875 0.07578125 0.38984375
1 0.0859375 0.1828125 0.0296875 0.03515625
2 0.21953125 0.22578125 0.03671875 0.0671875
1 0.165625 0.18515625 0.03046875 0.0328125
2 0.0859375 0.3640625 0.08125 0.3859375
1 0.47890625 0.15859375 0.0609375 0.06328125
2 0.90546875 0.6140625 0.153125 0.74375
2 0.23515625 0.5890625 0.11171875 0.7140625
1 0.0515625 0.20078125 0.0203125 0.021875
2 0.19140625 0.21484375 0.03046875 0.05859375
1 0.39765625 0.1765625 0.05625 0.0640625
1 0.65859375 0.2015625 0.034375 0.0546875
1 0.2828125 0.21796875 0.0359375 0.03671875
2 0.01484375 0.3015625 0.0296875 0.209375
1 0.2421875 0.26875 0.0578125 0.075
1 0.81171875 0.23046875 0.0546875 0.0625
1 0.896875 0.28125 0.075 0.09140625
1 0.56953125 0.21953125 0.06796875 0.075
1 0.071875 0.2140625 0.01484375 0.02265625
2 0.2796875 0.27890625 0.0453125 0.12109375
1 0.11328125 0.184375 0.01796875 0.0234375