2 0.4875 0.6421875 0.146875 0.62578125
2 0.684375 0.446875 0.05703125 0.17734375
2 0.803125 0.44453125 0.046875 0.16484375
2 0.64453125 0.84375 0.028125 0.125
0 0.64140625 0.83046875 0.02421875 0.05859375
2 0.6765625 0.83125 0.05 0.11640625
1 0.440625 0.34296875 0.0796875 0.10625
0 0.66015625 0.42890625 0.06796875 0.07421875
1 0.690625 0.38046875 0.03671875 0.03671875
0 0.8 0.42734375 0.034375 0.05703125
1 0.8015625 0.36640625 0.01875 0.03671875
0 0.4796875 0.53203125 0.11484375 0.20859375
0 0.67734375 0.8203125 0.03125 0.05859375
1 0.64453125 0.78828125 0.0171875 0.01953125
1 0.52890625 0.5609375 0.0296875 0.02578125