2 0.45546875 0.6359375 0.284375 0.6421875
2 0.69140625 0.48984375 0.0953125 0.1859375
2 0.8078125 0.5140625 0.0828125 0.171875
2 0.56328125 0.8671875 0.05625 0.128125
0 0.56328125 0.85390625 0.0375 0.0625
2 0.59765625 0.8625 0.075 0.125
1 0.47734375 0.33359375 0.1015625 0.121875
0 0.671875 0.46640625 0.0828125 0.0875
1 0.7125 0.4265625 0.04375 0.04375
0 0.80859375 0.496875 0.046875 0.0640625
1 0.82421875 0.4375 0.0265625 0.040625
0 0.47265625 0.5265625 0.159375 0.2296875
0 0.60078125 0.85234375 0.04375 0.0640625
1 0.57578125 0.81328125 0.021875 0.0234375
1 0.51484375 0.565625 0.034375 0.03125