2 0.4875 0.5453125 0.2078125 0.759375
2 0.33359375 0.5796875 0.3171875 0.840625
2 0.421875 0.57265625 0.23125 0.840625
2 0.58046875 0.584375 0.25 0.815625
2 0.259375 0.62421875 0.2015625 0.7125
2 0.825 0.55625 0.2046875 0.7
2 0.70078125 0.5578125 0.2765625 0.84375
2 0.65859375 0.553125 0.1953125 0.74375
1 0.5296875 0.21015625 0.078125 0.08125
2 0.14921875 0.41796875 0.125 0.3921875
1 0.29453125 0.19609375 0.090625 0.0984375
2 0.07265625 0.43515625 0.1234375 0.3640625
1 0.8609375 0.228125 0.0859375 0.0984375
1 0.35390625 0.1921875 0.0625 0.065625
2 0.77890625 0.23359375 0.0953125 0.1546875
1 0.4328125 0.165625 0.0703125 0.0640625
1 0.64765625 0.1515625 0.1109375 0.109375
1 0.21171875 0.29296875 0.059375 0.05625
2 0.61484375 0.25546875 0.1046875 0.196875
1 0.771875 0.18046875 0.05625 0.0484375
1 0.61796875 0.18203125 0.0453125 0.059375
2 0.253125 0.3015625 0.0703125 0.1453125
1 0.04453125 0.2421875 0.0328125 0.0359375
2 0.03984375 0.3546875 0.075 0.225
1 0.015625 0.26953125 0.028125 0.03125
2 0.89140625 0.55625 0.2171875 0.771875
2 0.16484375 0.31796875 0.0921875 0.2171875
1 0.246875 0.25 0.040625 0.0390625