2 0.48125 0.54296875 0.10390625 0.7515625
2 0.32265625 0.571875 0.2 0.853125
2 0.4125 0.5609375 0.11640625 0.8328125
2 0.56796875 0.59453125 0.13984375 0.80390625
2 0.24453125 0.58984375 0.10390625 0.7046875
2 0.8140625 0.60078125 0.11015625 0.69140625
2 0.690625 0.58515625 0.1625 0.8296875
2 0.65 0.575 0.09296875 0.7375
1 0.56953125 0.2171875 0.06796875 0.07265625
2 0.1640625 0.3703125 0.07265625 0.38515625
1 0.3390625 0.1703125 0.07890625 0.08828125
2 0.0859375 0.3765625 0.07421875 0.35703125
1 0.8953125 0.28125 0.075 0.0890625
1 0.3984375 0.175 0.05546875 0.05859375
2 0.81328125 0.275 0.075 0.14609375
1 0.4796875 0.159375 0.0625 0.05546875
1 0.69453125 0.17578125 0.09921875 0.09609375
1 0.24296875 0.2546875 0.05234375 0.04921875
2 0.64765625 0.2734375 0.0796875 0.1875
1 0.8140625 0.22109375 0.0515625 0.04140625
1 0.6609375 0.2015625 0.0375 0.0546875
2 0.2828125 0.26875 0.05078125 0.1390625
1 0.08515625 0.18125 0.02890625 0.03203125
2 0.06484375 0.2921875 0.0453125 0.2203125
1 0.05234375 0.2046875 0.02421875 0.02890625
2 0.9046875 0.61484375 0.16328125 0.75703125
2 0.19375 0.2734375 0.06328125 0.21015625
1 0.284375 0.2171875 0.0359375 0.034375