2 0.484375 0.54453125 0.15625 0.75625
2 0.328125 0.57578125 0.259375 0.8484375
2 0.4171875 0.5671875 0.1734375 0.8390625
2 0.57421875 0.58984375 0.1953125 0.8109375
2 0.2515625 0.6078125 0.153125 0.7109375
2 0.8203125 0.57890625 0.1578125 0.696875
2 0.69609375 0.571875 0.2203125 0.8390625
2 0.6546875 0.5640625 0.14375 0.7421875
1 0.55 0.21328125 0.0734375 0.0765625
2 0.15546875 0.39375 0.1 0.3890625
1 0.31640625 0.18203125 0.084375 0.09375
2 0.078125 0.40546875 0.0984375 0.3609375
1 0.87890625 0.25390625 0.08125 0.09375
1 0.37578125 0.1828125 0.059375 0.0625
2 0.796875 0.25390625 0.084375 0.1515625
1 0.45625 0.16171875 0.065625 0.059375
1 0.67109375 0.16328125 0.10625 0.103125
1 0.2265625 0.2734375 0.05625 0.053125
2 0.63125 0.2640625 0.0921875 0.1921875
1 0.79375 0.2 0.0546875 0.0453125
1 0.63984375 0.19140625 0.040625 0.0578125
2 0.2671875 0.284375 0.0609375 0.1421875
1 0.0640625 0.2109375 0.03125 0.034375
2 0.0515625 0.3234375 0.0609375 0.2234375
1 0.0328125 0.23671875 0.0265625 0.03125
2 0.9015625 0.58671875 0.196875 0.7671875
2 0.17890625 0.2953125 0.078125 0.2140625
1 0.26484375 0.2328125 0.0375 0.0375