2 0.240625 0.6265625 0.271875 0.746875
2 0.4328125 0.64609375 0.2078125 0.70703125
2 0.85 0.63359375 0.3 0.7234375
2 0.584375 0.63984375 0.271875 0.71640625
2 0.0375 0.6375 0.0734375 0.71953125
1 0.91875 0.36953125 0.16171875 0.15625
2 0.7875 0.440625 0.0921875 0.3125
1 0.8203125 0.32109375 0.08125 0.0484375
1 0.6015625 0.34453125 0.21484375 0.1546875
1 0.46328125 0.31953125 0.10234375 0.09921875
1 0.2328125 0.29921875 0.15078125 0.11484375
1 0.02734375 0.296875 0.0546875 0.096875
0 0.21328125 0.5703125 0.24140625 0.328125
0 0.43125 0.52578125 0.16015625 0.27578125
0 0.6046875 0.575 0.24609375 0.309375
0 0.0375 0.54609375 0.075 0.30234375
0 0.87421875 0.74296875 0.2515625 0.5140625
0 0.778125 0.4875 0.08515625 0.18203125