2 0.24921875 0.63125 0.3234375 0.7375
2 0.4421875 0.6453125 0.25625 0.709375
2 0.84140625 0.60859375 0.3171875 0.7421875
2 0.59375 0.6328125 0.321875 0.734375
2 0.0546875 0.65390625 0.109375 0.6921875
1 0.90859375 0.340625 0.171875 0.1671875
2 0.7828125 0.42109375 0.1140625 0.31875
1 0.80703125 0.29921875 0.084375 0.0546875
1 0.590625 0.3375 0.225 0.16875
1 0.45078125 0.32265625 0.109375 0.10625
1 0.21953125 0.31796875 0.1578125 0.125
1 0.021875 0.3296875 0.04375 0.1
0 0.21875 0.58984375 0.2640625 0.34375
0 0.43359375 0.53046875 0.1796875 0.2859375
0 0.609375 0.5671875 0.2671875 0.3265625
0 0.04453125 0.578125 0.0890625 0.30625
0 0.8734375 0.71640625 0.253125 0.5296875
0 0.7765625 0.46796875 0.096875 0.1875