2 0.22109375 0.575 0.409375 0.784375
2 0.40625 0.63046875 0.3390625 0.734375
2 0.80078125 0.65703125 0.3984375 0.6859375
2 0.55625 0.6375 0.403125 0.725
2 0.06171875 0.54609375 0.1234375 0.7203125
1 0.9203125 0.4515625 0.159375 0.184375
2 0.79375 0.496875 0.15 0.325
1 0.8484375 0.38515625 0.0890625 0.0625
1 0.6296875 0.36640625 0.240625 0.1921875
1 0.4984375 0.315625 0.11875 0.1171875
1 0.27578125 0.2515625 0.1703125 0.1421875
1 0.075 0.21015625 0.071875 0.10625
0 0.20546875 0.5140625 0.3 0.36875
0 0.42734375 0.5125 0.209375 0.3015625
0 0.58828125 0.59375 0.3 0.35
0 0.0515625 0.45703125 0.103125 0.3109375
0 0.82109375 0.76640625 0.3453125 0.4671875
0 0.77578125 0.540625 0.11875 0.1953125