2 0.78515625 0.44296875 0.0765625 0.51796875
2 0.59765625 0.49921875 0.3796875 0.98515625
2 0.2359375 0.5453125 0.18828125 0.67265625
2 0.15625 0.77890625 0.2953125 0.43046875
2 0.38671875 0.5734375 0.2421875 0.853125
2 0.94375 0.40234375 0.1125 0.38046875
2 0.94609375 0.396875 0.1046875 0.39921875
1 0.39453125 0.20546875 0.11171875 0.13359375
1 0.78203125 0.21484375 0.04453125 0.040625
1 0.2828125 0.24453125 0.084375 0.0796875
1 0.82109375 0.19921875 0.04453125 0.0390625
1 0.96953125 0.21796875 0.04609375 0.04375
2 0.8375 0.425 0.1015625 0.4796875
1 0.64296875 0.0625 0.19140625 0.11796875
1 0.11875 0.62109375 0.10390625 0.0875