2 0.790625 0.503125 0.1828125 0.521875
2 0.59453125 0.5 0.5765625 1
2 0.23203125 0.4890625 0.3234375 0.696875
2 0.146875 0.70078125 0.29375 0.4828125
2 0.37421875 0.5484375 0.4140625 0.884375
2 0.9296875 0.49609375 0.140625 0.3953125
2 0.93203125 0.4921875 0.1359375 0.4125
1 0.4578125 0.18984375 0.1375 0.153125
1 0.83515625 0.2796875 0.0515625 0.0484375
1 0.340625 0.2046875 0.0984375 0.0953125
1 0.8765625 0.27265625 0.0515625 0.046875
2 0.84609375 0.496875 0.1984375 0.490625
1 0.73046875 0.1015625 0.2125 0.1546875
1 0.1015625 0.5390625 0.1203125 0.1078125