2 0.78203125 0.428125 0.103125 0.521875
2 0.596875 0.49765625 0.43125 0.9953125
2 0.23828125 0.559375 0.2234375 0.68125
2 0.17109375 0.78671875 0.3171875 0.4265625
2 0.38984375 0.5734375 0.2859375 0.853125
2 0.9359375 0.37890625 0.128125 0.3859375
2 0.93828125 0.37265625 0.1234375 0.4046875
1 0.37890625 0.21171875 0.11875 0.1390625
1 0.76640625 0.20078125 0.046875 0.0421875
1 0.26953125 0.25625 0.0890625 0.084375
1 0.8046875 0.1828125 0.046875 0.040625
1 0.95390625 0.19375 0.0484375 0.046875
2 0.8328125 0.4078125 0.1265625 0.484375
1 0.61875 0.059375 0.196875 0.11875
1 0.12578125 0.640625 0.1078125 0.0921875