2 0.80234375 0.62265625 0.3953125 0.7453125
2 0.6171875 0.453125 0.175 0.6515625
2 0.5046875 0.309375 0.1546875 0.3796875
2 0.41953125 0.45546875 0.234375 0.5828125
2 0.2640625 0.42890625 0.1921875 0.6125
2 0.10625 0.3296875 0.134375 0.353125
2 0.04296875 0.30078125 0.0859375 0.4078125
1 0.7171875 0.43046875 0.2265625 0.353125
1 0.61484375 0.22265625 0.103125 0.14375
1 0.48515625 0.19296875 0.1109375 0.1453125
1 0.42265625 0.240625 0.14375 0.1546875
1 0.25 0.16953125 0.096875 0.115625
1 0.08359375 0.20625 0.09375 0.115625
1 0.04140625 0.15546875 0.0828125 0.1390625
0 0.86328125 0.7859375 0.2734375 0.4125
0 0.6125 0.47578125 0.1203125 0.30625
0 0.51953125 0.403125 0.1234375 0.275
0 0.4328125 0.478125 0.2328125 0.328125
0 0.2671875 0.3875 0.196875 0.2921875
0 0.115625 0.3921875 0.1015625 0.1453125
0 0.04140625 0.4203125 0.0828125 0.134375