2 0.80625 0.63359375 0.3875 0.7328125
2 0.61875 0.45703125 0.15234375 0.64609375
2 0.51171875 0.309375 0.1421875 0.375
2 0.42109375 0.45234375 0.21484375 0.575
2 0.26640625 0.42109375 0.171875 0.60625
2 0.1125 0.31640625 0.121875 0.34921875
2 0.04296875 0.28515625 0.0859375 0.4046875
1 0.71953125 0.43828125 0.21484375 0.3453125
1 0.62421875 0.2265625 0.09765625 0.140625
1 0.49609375 0.19296875 0.10546875 0.1421875
1 0.43203125 0.23828125 0.1390625 0.14921875
1 0.26171875 0.1609375 0.09375 0.1125
1 0.09375 0.1921875 0.090625 0.1125
1 0.046875 0.13984375 0.09375 0.1359375
0 0.86171875 0.7984375 0.2765625 0.403125
0 0.61328125 0.4796875 0.109375 0.30234375
0 0.52265625 0.40390625 0.11328125 0.27109375
0 0.43359375 0.47578125 0.221875 0.32109375
0 0.27109375 0.3796875 0.1875 0.28515625
0 0.11953125 0.37890625 0.096875 0.1421875
0 0.0421875 0.40390625 0.08359375 0.13203125