2 0.72890625 0.634375 0.3984375 0.73125
2 0.26953125 0.4984375 0.44375 0.9578125
2 0.34765625 0.76875 0.19375 0.4375
2 0.85078125 0.840625 0.1484375 0.31875
1 0.76875 0.32421875 0.103125 0.0875
1 0.38828125 0.5828125 0.0921875 0.0640625
1 0.41640625 0.66796875 0.05625 0.0640625
2 0.559375 0.74765625 0.328125 0.5046875
2 0.41015625 0.809375 0.13125 0.3421875
1 0.5234375 0.55625 0.1 0.1140625
1 0.1765625 0.26328125 0.1125 0.146875
2 0.30390625 0.68203125 0.05 0.084375
1 0.875 0.71640625 0.0578125 0.0453125