2 0.759375 0.6046875 0.3375 0.7640625
2 0.27421875 0.53984375 0.3671875 0.9203125
2 0.4109375 0.790625 0.159375 0.41875
2 0.92265625 0.76875 0.1203125 0.346875
1 0.72265625 0.26796875 0.0984375 0.0796875
1 0.409375 0.60546875 0.0890625 0.0578125
1 0.45625 0.68203125 0.053125 0.0609375
2 0.61640625 0.74140625 0.2875 0.515625
2 0.48203125 0.821875 0.103125 0.3390625
1 0.5359375 0.54921875 0.090625 0.1078125
1 0.13203125 0.34140625 0.1015625 0.140625
2 0.34921875 0.72109375 0.04375 0.0828125
1 0.9140625 0.6265625 0.05625 0.040625