2 0.7515625 0.62265625 0.2859375 0.7453125
2 0.271875 0.534375 0.303125 0.92109375
2 0.39140625 0.7890625 0.1296875 0.421875
2 0.903125 0.79765625 0.09609375 0.340625
1 0.73828125 0.284375 0.09296875 0.0734375
1 0.40234375 0.59921875 0.0859375 0.0515625
1 0.44375 0.67890625 0.0484375 0.0578125
2 0.59921875 0.74921875 0.25390625 0.4984375
2 0.459375 0.81953125 0.08046875 0.33359375
1 0.53203125 0.5515625 0.084375 0.1015625
1 0.14375 0.31640625 0.09296875 0.134375
2 0.334375 0.71015625 0.03828125 0.0796875
1 0.90390625 0.65546875 0.053125 0.0375