2 0.7828125 0.571875 0.434375 0.79375
2 0.60859375 0.43515625 0.2734375 0.6640625
2 0.475 0.3109375 0.2109375 0.3953125
2 0.41328125 0.46796875 0.3203125 0.6046875
2 0.25546875 0.4671875 0.284375 0.628125
2 0.08828125 0.39375 0.1765625 0.365625
2 0.0453125 0.37578125 0.090625 0.4140625
1 0.70390625 0.39765625 0.2765625 0.3796875
1 0.56953125 0.2078125 0.1234375 0.15625
1 0.4375 0.19921875 0.13125 0.159375
1 0.38359375 0.25625 0.165625 0.1734375
1 0.2015625 0.2125 0.1140625 0.128125
1 0.0484375 0.275 0.096875 0.128125
1 0.02265625 0.23203125 0.0453125 0.1515625
0 0.86875 0.72421875 0.2625 0.4484375
0 0.60703125 0.45859375 0.165625 0.3171875
0 0.50390625 0.4015625 0.1625 0.2875
0 0.43046875 0.4890625 0.2796875 0.3578125
0 0.25234375 0.42578125 0.2390625 0.315625
0 0.103125 0.45390625 0.121875 0.1578125
0 0.04296875 0.49296875 0.0859375 0.1453125