2 0.4046875 0.6328125 0.221875 0.421875
2 0.71015625 0.2921875 0.1484375 0.5078125
2 0.06328125 0.16484375 0.1265625 0.2609375
2 0.69921875 0.72578125 0.38515625 0.409375
2 0.946875 0.7421875 0.10625 0.353125
2 0.8625 0.446875 0.275 0.284375
2 0.96015625 0.26796875 0.0796875 0.2640625
0 0.934375 0.21953125 0.08515625 0.19453125
2 0.94140625 0.1234375 0.096875 0.17890625
2 0.84140625 0.1796875 0.13203125 0.30546875
2 0.7734375 0.10546875 0.109375 0.128125
2 0.27421875 0.3453125 0.17890625 0.63046875
2 0.28046875 0.4234375 0.16640625 0.65625
2 0.3015625 0.57109375 0.1890625 0.42578125
2 0.1765625 0.16484375 0.08359375 0.25546875
1 0.18515625 0.09453125 0.08359375 0.08671875
1 0.303125 0.13671875 0.08125 0.11484375
1 0.36328125 0.08359375 0.06953125 0.05078125
1 0.3484375 0.40859375 0.0953125 0.10390625
1 0.4125 0.48125 0.1859375 0.1109375
1 0.83984375 0.64765625 0.1125 0.16796875
1 0.80234375 0.38125 0.13046875 0.18046875
1 0.94921875 0.60625 0.07421875 0.1109375
1 0.94140625 0.16953125 0.078125 0.075
1 0.94140625 0.0546875 0.04375 0.06953125
1 0.83828125 0.046875 0.065625 0.03125
1 0.78046875 0.07578125 0.078125 0.0609375
1 0.68203125 0.08984375 0.06796875 0.07421875
1 0.71484375 0.06328125 0.05703125 0.04375
0 0.28203125 0.35546875 0.13203125 0.29296875
0 0.20703125 0.2609375 0.090625 0.2203125
0 0.36875 0.64375 0.10625 0.28984375
0 0.62578125 0.72421875 0.21484375 0.33515625
0 0.93203125 0.4859375 0.1359375 0.228125
0 0.9640625 0.325 0.071875 0.159375
0 0.83359375 0.23203125 0.13671875 0.1890625
0 0.72265625 0.28046875 0.140625 0.29140625
0 0.60859375 0.2640625 0.078125 0.14765625