2 0.43203125 0.6484375 0.2984375 0.45625
2 0.66640625 0.259375 0.2421875 0.51875
2 0.046875 0.25390625 0.09375 0.2796875
2 0.73828125 0.68359375 0.45625 0.475
2 0.94921875 0.65234375 0.1015625 0.3671875
2 0.8421875 0.378125 0.315625 0.33125
2 0.9078125 0.184375 0.128125 0.275
0 0.87265625 0.1421875 0.1203125 0.2078125
2 0.86171875 0.07109375 0.1296875 0.1421875
2 0.7734375 0.14140625 0.1875 0.2828125
2 0.6921875 0.06640625 0.13125 0.1328125
2 0.24921875 0.39140625 0.2953125 0.653125
2 0.26953125 0.46640625 0.2890625 0.6765625
2 0.31875 0.6078125 0.2671875 0.4546875
2 0.11875 0.2328125 0.13125 0.2671875
1 0.11328125 0.16171875 0.0984375 0.1015625
1 0.2375 0.18125 0.1015625 0.128125
1 0.28671875 0.1171875 0.078125 0.0625
1 0.33359375 0.4390625 0.1140625 0.1203125
1 0.41015625 0.4984375 0.203125 0.14375
1 0.86171875 0.58046875 0.1421875 0.1859375
1 0.77421875 0.32578125 0.1625 0.2015625
1 0.95703125 0.51796875 0.0859375 0.1234375
1 0.8703125 0.09140625 0.090625 0.0890625
1 0.8484375 0.00859375 0.05625 0.0171875
1 0.74453125 0.00625 0.0703125 0.0125
1 0.69453125 0.03359375 0.0890625 0.0671875
1 0.60078125 0.0625 0.08125 0.0859375
1 0.62734375 0.03046875 0.0640625 0.053125
0 0.25859375 0.4 0.1859375 0.3125
0 0.1671875 0.32109375 0.13125 0.2328125
0 0.3984375 0.66640625 0.159375 0.3046875
0 0.66640625 0.69609375 0.275 0.3703125
0 0.91640625 0.403125 0.1671875 0.25
0 0.921875 0.23984375 0.1015625 0.1703125
0 0.7765625 0.1734375 0.1703125 0.2109375
0 0.6765625 0.2421875 0.19375 0.3125
0 0.56171875 0.24765625 0.1046875 0.159375