2 0.40703125 0.634375 0.2296875 0.425
2 0.70625 0.28828125 0.1578125 0.5109375
2 0.06171875 0.171875 0.1234375 0.2625
2 0.703125 0.72265625 0.3921875 0.415625
2 0.946875 0.73359375 0.10625 0.3546875
2 0.8609375 0.43984375 0.278125 0.2890625
2 0.95625 0.26015625 0.084375 0.265625
0 0.9296875 0.21171875 0.0890625 0.1953125
2 0.93515625 0.115625 0.1 0.18125
2 0.8359375 0.1734375 0.1375 0.3078125
2 0.76640625 0.10078125 0.1109375 0.1296875
2 0.271875 0.34921875 0.190625 0.6328125
2 0.27890625 0.42734375 0.178125 0.659375
2 0.303125 0.57421875 0.196875 0.4296875
2 0.17109375 0.1703125 0.0875 0.25625
1 0.178125 0.1 0.084375 0.0875
1 0.296875 0.13984375 0.0828125 0.115625
1 0.35625 0.0859375 0.0703125 0.0515625
1 0.346875 0.4109375 0.096875 0.10625
1 0.4125 0.4828125 0.1875 0.1140625
1 0.8421875 0.64140625 0.115625 0.1703125
1 0.8 0.37578125 0.134375 0.1828125
1 0.95078125 0.5984375 0.0765625 0.1125
1 0.9359375 0.16171875 0.0796875 0.0765625
1 0.93359375 0.046875 0.0453125 0.0703125
1 0.83046875 0.04140625 0.065625 0.0328125
1 0.77265625 0.07109375 0.0796875 0.0625
1 0.675 0.08671875 0.06875 0.075
1 0.70703125 0.059375 0.0578125 0.0453125
0 0.2796875 0.359375 0.1375 0.2953125
0 0.203125 0.26640625 0.09375 0.221875
0 0.37109375 0.64609375 0.1109375 0.2921875
0 0.6296875 0.721875 0.2203125 0.3390625
0 0.93046875 0.47734375 0.1390625 0.2296875
0 0.9609375 0.3171875 0.075 0.1609375
0 0.82890625 0.2265625 0.140625 0.1921875
0 0.71875 0.2765625 0.1453125 0.29375
0 0.6046875 0.2625 0.08125 0.1484375