2 0.47890625 0.628125 0.4203125 0.74375
2 0.221875 0.56328125 0.44375 0.8734375
2 0.90859375 0.71171875 0.1828125 0.4390625
2 0.715625 0.675 0.3625 0.5953125
1 0.146875 0.3 0.20625 0.2125
1 0.4375 0.3328125 0.1890625 0.16875
1 0.72265625 0.453125 0.125 0.1171875
0 0.9203125 0.7046875 0.159375 0.315625
1 0.91796875 0.5421875 0.1015625 0.109375
2 0.971875 0.69296875 0.05625 0.4296875
1 0.97265625 0.51015625 0.0546875 0.1015625
0 0.21015625 0.71875 0.3953125 0.5625
0 0.50625 0.71484375 0.35 0.5453125
0 0.7390625 0.71015625 0.3078125 0.3984375
0 0.984375 0.69140625 0.03125 0.2671875