2 0.459375 0.6328125 0.325 0.734375
2 0.1859375 0.54921875 0.371875 0.9015625
2 0.8953125 0.7703125 0.1671875 0.4265625
2 0.6890625 0.70390625 0.2890625 0.56875
1 0.178125 0.25234375 0.184375 0.190625
1 0.4609375 0.32578125 0.171875 0.1484375
1 0.7265625 0.484375 0.1125 0.1046875
0 0.9 0.76328125 0.14375 0.303125
1 0.9078125 0.6 0.090625 0.1
2 0.9703125 0.7625 0.059375 0.428125
1 0.97265625 0.57734375 0.0546875 0.0953125
0 0.17734375 0.7046875 0.3171875 0.590625
0 0.47578125 0.71328125 0.284375 0.51875
0 0.7078125 0.74140625 0.2625 0.3703125
0 0.97734375 0.76171875 0.0453125 0.2640625