2 0.453125 0.634375 0.28671875 0.7265625
2 0.1734375 0.54453125 0.34296875 0.91015625
2 0.88046875 0.790625 0.14609375 0.41875
2 0.678125 0.71328125 0.2609375 0.55625
1 0.19140625 0.2359375 0.175 0.18203125
1 0.4703125 0.32421875 0.16484375 0.140625
1 0.72734375 0.49609375 0.1078125 0.09921875
0 0.8859375 0.78359375 0.12890625 0.296875
1 0.90234375 0.62109375 0.08515625 0.0953125
2 0.96875 0.7875 0.0625 0.425
1 0.971875 0.60234375 0.05625 0.0921875
0 0.16640625 0.6984375 0.28671875 0.59765625
0 0.46484375 0.71171875 0.25859375 0.50546875
0 0.69453125 0.7515625 0.24453125 0.3578125
0 0.9734375 0.78671875 0.05234375 0.26171875