2 0.2609375 0.51640625 0.165625 0.3828125
2 0.70703125 0.45859375 0.14375 0.365625
2 0.621875 0.509375 0.196875 0.50625
2 0.43203125 0.52578125 0.1203125 0.3390625
2 0.47109375 0.4453125 0.0796875 0.2390625
2 0.5296875 0.46015625 0.125 0.321875
1 0.6828125 0.3015625 0.0359375 0.0359375
2 0.46015625 0.51328125 0.0984375 0.328125
0 0.4265625 0.50859375 0.1109375 0.1875
0 0.45390625 0.4765625 0.0671875 0.1296875
1 0.43671875 0.37265625 0.0296875 0.034375
1 0.45 0.3546875 0.0375 0.0390625
0 0.51875 0.4171875 0.0734375 0.13125
1 0.509375 0.325 0.0375 0.0375
1 0.5609375 0.28984375 0.040625 0.0375
1 0.4046875 0.3859375 0.046875 0.04375
1 0.23828125 0.3703125 0.059375 0.065625
0 0.27421875 0.54375 0.1921875 0.2359375
0 0.48203125 0.4640625 0.0609375 0.1265625
0 0.60546875 0.43203125 0.109375 0.190625
0 0.6765625 0.19375 0.0171875 0.0578125