2 0.2609375 0.51171875 0.159375 0.3828125
2 0.7078125 0.46171875 0.1375 0.365625
2 0.621875 0.51171875 0.1890625 0.50625
2 0.43125 0.525 0.115625 0.3390625
2 0.471875 0.44453125 0.075 0.2390625
2 0.53046875 0.46015625 0.11875 0.321875
1 0.6859375 0.3046875 0.0359375 0.0359375
2 0.46015625 0.5125 0.0921875 0.328125
0 0.4265625 0.50703125 0.1078125 0.1859375
0 0.4546875 0.47578125 0.0640625 0.1296875
1 0.4390625 0.371875 0.0296875 0.0328125
1 0.453125 0.35390625 0.0375 0.0390625
0 0.5203125 0.41796875 0.071875 0.1296875
1 0.5125 0.325 0.0375 0.0359375
1 0.56484375 0.29140625 0.040625 0.0375
1 0.40625 0.384375 0.046875 0.04375
1 0.240625 0.365625 0.059375 0.065625
0 0.2734375 0.53984375 0.1890625 0.234375
0 0.4828125 0.46328125 0.059375 0.1265625
0 0.60625 0.43359375 0.10625 0.1890625
0 0.68203125 0.196875 0.0171875 0.0578125