2 0.2625 0.4703125 0.09609375 0.37109375
2 0.7109375 0.4984375 0.0765625 0.35703125
2 0.61796875 0.5328125 0.10390625 0.49609375
2 0.428125 0.5125 0.0578125 0.334375
2 0.48203125 0.440625 0.03515625 0.2359375
2 0.53671875 0.46640625 0.065625 0.315625
1 0.7171875 0.33984375 0.03125 0.03125
2 0.45859375 0.50546875 0.03671875 0.3265625
0 0.4265625 0.49453125 0.078125 0.17578125
0 0.459375 0.46796875 0.04375 0.1234375
1 0.4625 0.36328125 0.02421875 0.0296875
1 0.47890625 0.34765625 0.03125 0.034375
0 0.534375 0.42265625 0.05078125 0.1234375
1 0.54296875 0.3296875 0.0328125 0.03125
1 0.6 0.30546875 0.03515625 0.03125
1 0.428125 0.36953125 0.04140625 0.03671875
1 0.26796875 0.32265625 0.05 0.05703125
0 0.2703125 0.5 0.1546875 0.21015625
0 0.4890625 0.4609375 0.03828125 0.12109375
0 0.61640625 0.453125 0.0765625 0.17890625
0 0.73203125 0.2328125 0.00703125 0.05703125