2 0.796875 0.48046875 0.40625 0.9609375
2 0.12421875 0.584375 0.2484375 0.83125
2 0.67265625 0.63984375 0.2515625 0.675
2 0.46171875 0.421875 0.0546875 0.146875
2 0.15 0.56953125 0.125 0.403125
2 0.265625 0.48125 0.0890625 0.2734375
2 0.32890625 0.47421875 0.0984375 0.2796875
2 0.56640625 0.415625 0.06875 0.2015625
2 0.36015625 0.41953125 0.0421875 0.1171875
2 0.52421875 0.440625 0.078125 0.209375
2 0.48828125 0.44140625 0.065625 0.1921875
0 0.1125 0.71171875 0.225 0.5765625
0 0.84140625 0.54375 0.30625 0.7484375