2 0.80078125 0.5 0.275 0.978125
2 0.08984375 0.559375 0.17421875 0.8765625
2 0.6515625 0.6625 0.1609375 0.659375
2 0.47265625 0.4171875 0.034375 0.14296875
2 0.14375 0.5203125 0.07109375 0.39765625
2 0.2703125 0.4484375 0.05234375 0.26875
2 0.334375 0.45078125 0.0609375 0.2734375
2 0.57734375 0.42578125 0.04140625 0.1984375
2 0.37265625 0.40078125 0.02734375 0.1140625
2 0.53203125 0.44453125 0.05 0.2046875
2 0.496875 0.440625 0.0390625 0.18828125
0 0.0765625 0.68125 0.153125 0.61484375
0 0.83203125 0.590625 0.20625 0.72734375