2 0.80078125 0.50546875 0.2921875 0.9828125
2 0.09140625 0.55234375 0.1828125 0.8796875
2 0.6484375 0.66484375 0.171875 0.6625
2 0.47421875 0.41640625 0.0375 0.14375
2 0.14375 0.5140625 0.078125 0.3984375
2 0.27109375 0.44453125 0.05625 0.2703125
2 0.33515625 0.44765625 0.065625 0.275
2 0.57890625 0.42734375 0.0453125 0.1984375
2 0.37421875 0.3984375 0.0296875 0.1140625
2 0.5328125 0.4453125 0.053125 0.20625
2 0.49765625 0.440625 0.0421875 0.1890625
0 0.07734375 0.67421875 0.1546875 0.6171875
0 0.83046875 0.59609375 0.21875 0.73125