2 0.6203125 0.53125 0.0859375 0.3359375
2 0.671875 0.54375 0.1171875 0.325
1 0.6984375 0.41640625 0.0578125 0.0765625
2 0.57421875 0.475 0.1640625 0.51875
2 0.4984375 0.50625 0.1640625 0.634375
2 0.45390625 0.4671875 0.23125 0.8609375
2 0.634375 0.7453125 0.0015625 0.0015625
2 0.35703125 0.4859375 0.2578125 0.971875
2 0.28671875 0.48515625 0.2828125 0.9703125
1 0.64453125 0.3859375 0.0671875 0.0671875
1 0.58984375 0.259375 0.0734375 0.0828125
1 0.55625 0.22109375 0.0546875 0.0765625
1 0.4984375 0.08984375 0.0890625 0.09375
1 0.41875 0.01015625 0.078125 0.0203125