2 0.6234375 0.51171875 0.034375 0.33515625
2 0.6765625 0.51640625 0.06796875 0.31796875
1 0.6828125 0.38671875 0.046875 0.06953125
2 0.56953125 0.4640625 0.08515625 0.5125
2 0.49921875 0.50625 0.06640625 0.63203125
2 0.44921875 0.475 0.09921875 0.85625
2 0.67109375 0.72109375 0.0015625 0.0015625
2 0.3546875 0.49609375 0.103125 0.9921875
2 0.28515625 0.5 0.128125 1
1 0.625 0.36484375 0.059375 0.059375
1 0.55078125 0.2484375 0.0625 0.07421875
1 0.51171875 0.215625 0.04375 0.07109375
1 0.434375 0.0953125 0.0765625 0.08203125
1 0.3421875 0.0171875 0.07421875 0.034375