2 0.621875 0.52421875 0.06875 0.3375
2 0.67421875 0.53515625 0.1015625 0.3234375
1 0.69375 0.40625 0.053125 0.0734375
2 0.57265625 0.471875 0.1375 0.51875
2 0.4984375 0.50625 0.1328125 0.6359375
2 0.45234375 0.46953125 0.1875 0.8625
2 0.646875 0.7375 0.0015625 0.0015625
2 0.35625 0.48984375 0.20625 0.9796875
2 0.2859375 0.490625 0.23125 0.98125
1 0.63828125 0.37890625 0.065625 0.065625
1 0.5765625 0.25546875 0.0703125 0.0796875
1 0.54140625 0.21875 0.0515625 0.075
1 0.47734375 0.090625 0.084375 0.0890625
1 0.39375 0.01171875 0.078125 0.0234375