1 0.121875 0.48203125 0.0609375 0.06953125
2 0.365625 0.715625 0.115625 0.56875
2 0.13359375 0.72265625 0.134375 0.55390625
1 0.44296875 0.6375 0.01953125 0.0171875
2 0.92109375 0.703125 0.15703125 0.59296875
2 0.5 0.76796875 0.0921875 0.44296875
1 0.9046875 0.4359375 0.08046875 0.06796875
2 0.54921875 0.78671875 0.0953125 0.4265625
0 0.55625 0.7546875 0.08046875 0.215625
2 0.4421875 0.7421875 0.04609375 0.2234375
1 0.51640625 0.57890625 0.02890625 0.04921875
1 0.5453125 0.57734375 0.04140625 0.0703125