2 0.62578125 0.5015625 0.325 0.98203125
2 0.29296875 0.50625 0.3453125 0.9875
2 0.11640625 0.5125 0.2328125 0.97421875
2 0.84453125 0.50390625 0.3078125 0.9921875
1 0.1265625 0.22265625 0.19921875 0.30390625
1 0.31640625 0.16796875 0.21015625 0.27734375
1 0.60078125 0.190625 0.2046875 0.26171875
1 0.8140625 0.1125 0.28671875 0.22421875
0 0.0796875 0.70234375 0.159375 0.5921875
0 0.3140625 0.6734375 0.32421875 0.65078125
0 0.61640625 0.715625 0.26953125 0.56796875
0 0.84765625 0.6984375 0.3015625 0.603125