2 0.56953125 0.46328125 0.1921875 0.54375
2 0.32421875 0.5015625 0.328125 0.76875
2 0.19140625 0.53203125 0.3578125 0.7984375
0 0.2078125 0.45390625 0.215625 0.33125
0 0.32265625 0.39765625 0.18125 0.3171875
1 0.34921875 0.16328125 0.0953125 0.0890625
2 0.63984375 0.421875 0.1734375 0.5390625
0 0.85390625 0.32578125 0.096875 0.1453125
0 0.58125 0.3546875 0.1265625 0.23125
2 0.84375 0.409375 0.165625 0.459375
1 0.2421875 0.1890625 0.1140625 0.1046875
1 0.4109375 0.2109375 0.08125 0.071875
1 0.8625 0.2015625 0.053125 0.0453125
1 0.753125 0.16484375 0.0484375 0.04375
0 0.71875 0.38046875 0.103125 0.184375
2 0.8 0.35859375 0.103125 0.1640625
1 0.51875 0.15390625 0.0671875 0.05625
1 0.5984375 0.1875 0.0609375 0.05625
2 0.49296875 0.4625 0.1953125 0.6109375
1 0.81796875 0.21328125 0.0546875 0.046875
1 0.48828125 0.23203125 0.0671875 0.0578125
1 0.72265625 0.2171875 0.0546875 0.05
1 0.7765625 0.2390625 0.05625 0.053125
1 0.61328125 0.16171875 0.0609375 0.0578125
1 0.67890625 0.1796875 0.0625 0.059375
0 0.41640625 0.4421875 0.1109375 0.246875
0 0.525 0.34296875 0.0921875 0.1953125
2 0.70234375 0.45078125 0.1890625 0.5
1 0.5546875 0.1765625 0.0484375 0.05
2 0.74609375 0.215625 0.0765625 0.140625
2 0.66328125 0.21015625 0.1 0.128125
2 0.63828125 0.31875 0.128125 0.2171875