2 0.55703125 0.44609375 0.175 0.54375
2 0.33125 0.55 0.303125 0.765625
2 0.21171875 0.609375 0.3328125 0.78125
0 0.20625 0.5359375 0.20625 0.3265625
0 0.30078125 0.45078125 0.171875 0.3140625
1 0.2625 0.2171875 0.09375 0.0859375
2 0.6125 0.3859375 0.1546875 0.5390625
0 0.7921875 0.23515625 0.0921875 0.1421875
0 0.53828125 0.3375 0.1203125 0.228125
2 0.80546875 0.31875 0.15 0.4578125
1 0.16640625 0.271875 0.1125 0.1015625
1 0.334375 0.24609375 0.078125 0.06875
1 0.76640625 0.11328125 0.0515625 0.04375
1 0.65078125 0.10859375 0.0484375 0.0421875
0 0.67734375 0.325 0.0984375 0.1828125
2 0.74921875 0.28125 0.0984375 0.1625
1 0.42265625 0.1625 0.065625 0.053125
1 0.50859375 0.17265625 0.0609375 0.0546875
2 0.48359375 0.465625 0.175 0.6109375
1 0.72734375 0.13671875 0.053125 0.0453125
1 0.415625 0.24609375 0.0671875 0.05625
1 0.6359375 0.1671875 0.053125 0.0484375
1 0.69375 0.1734375 0.0546875 0.0515625
1 0.51640625 0.14375 0.059375 0.05625
1 0.58359375 0.14296875 0.0609375 0.0578125
0 0.40390625 0.46796875 0.103125 0.2453125
0 0.48046875 0.3421875 0.0859375 0.1953125
2 0.68125 0.396875 0.171875 0.5
1 0.46328125 0.17421875 0.046875 0.0484375
2 0.6578125 0.15859375 0.071875 0.1390625
2 0.5765625 0.1765625 0.096875 0.125
2 0.58359375 0.2875 0.121875 0.215625