2 0.56328125 0.453125 0.11015625 0.53359375
2 0.3265625 0.52890625 0.2140625 0.74453125
2 0.2 0.5796875 0.240625 0.7703125
0 0.20390625 0.5 0.1703125 0.3078125
0 0.30859375 0.4265625 0.13671875 0.3
1 0.2984375 0.190625 0.08515625 0.0765625
2 0.62578125 0.40078125 0.090625 0.53203125
0 0.82265625 0.27265625 0.0765625 0.134375
0 0.5578125 0.34375 0.09375 0.21875
2 0.825 0.35703125 0.09609375 0.45
1 0.196875 0.2328125 0.1015625 0.08984375
1 0.36640625 0.228125 0.071875 0.0609375
1 0.81171875 0.1484375 0.046875 0.0390625
1 0.69765625 0.1296875 0.04375 0.03671875
0 0.69765625 0.34765625 0.07734375 0.175
2 0.77421875 0.31328125 0.08046875 0.153125
1 0.4640625 0.15546875 0.06015625 0.046875
1 0.5484375 0.17578125 0.0546875 0.0484375
2 0.4875 0.4640625 0.10234375 0.60234375
1 0.76953125 0.1671875 0.0484375 0.03984375
1 0.446875 0.2375 0.0609375 0.04921875
1 0.67578125 0.1859375 0.0484375 0.0421875
1 0.73203125 0.19921875 0.04921875 0.0453125
1 0.559375 0.1484375 0.053125 0.05
1 0.6265625 0.15546875 0.05546875 0.05078125
0 0.40859375 0.45625 0.075 0.2375
0 0.5 0.340625 0.06328125 0.18828125
2 0.6921875 0.41953125 0.11328125 0.4890625
1 0.503125 0.171875 0.0421875 0.04375
2 0.6984375 0.18046875 0.05625 0.1328125
2 0.615625 0.18828125 0.08359375 0.11640625
2 0.60859375 0.29921875 0.096875 0.2046875