1 0.67421875 0.26640625 0.0671875 0.05
2 0.73203125 0.60859375 0.5359375 0.7828125
2 0.6578125 0.47109375 0.1828125 0.5078125
2 0.67734375 0.3109375 0.10625 0.2
2 0.2046875 0.55 0.3984375 0.8421875
2 0.51171875 0.63046875 0.3390625 0.7390625
1 0.27734375 0.21875 0.178125 0.1828125
1 0.9109375 0.3328125 0.11875 0.1390625
1 0.62265625 0.3703125 0.103125 0.1234375
2 0.88046875 0.56328125 0.2390625 0.5984375
1 0.7984375 0.4046875 0.309375 0.3390625
1 0.73515625 0.26328125 0.0875 0.071875
1 0.9140625 0.2890625 0.0859375 0.0515625