1 0.56953125 0.2171875 0.0703125 0.0546875
2 0.734375 0.53046875 0.53125 0.8671875
2 0.634375 0.41171875 0.2234375 0.5078125
2 0.5890625 0.25703125 0.121875 0.203125
2 0.24765625 0.6171875 0.4640625 0.765625
2 0.56328125 0.61953125 0.396875 0.7546875
1 0.18515625 0.328125 0.1890625 0.1921875
1 0.8125 0.18515625 0.1265625 0.1453125
1 0.5625 0.3328125 0.1125 0.1296875
2 0.865625 0.40234375 0.26875 0.6046875
1 0.7375 0.29609375 0.33125 0.35625
1 0.62421875 0.190625 0.090625 0.078125
1 0.7984375 0.14375 0.0890625 0.0578125