1 0.6359375 0.2421875 0.06171875 0.040625
2 0.76875 0.5984375 0.45390625 0.78046875
2 0.6515625 0.446875 0.10703125 0.496875
2 0.6453125 0.2859375 0.078125 0.18984375
2 0.21640625 0.5953125 0.27578125 0.809375
2 0.5328125 0.63125 0.2296875 0.7203125
1 0.2359375 0.25703125 0.1546875 0.16015625
1 0.8796875 0.2703125 0.1 0.12421875
1 0.60078125 0.353125 0.0875 0.11171875
2 0.90234375 0.50078125 0.184375 0.5765625
1 0.7796875 0.359375 0.265625 0.3015625
1 0.6953125 0.2296875 0.07890625 0.06015625
1 0.87578125 0.2265625 0.08125 0.03984375