1 0.49375 0.35078125 0.0515625 0.0484375
2 0.36484375 0.60234375 0.1640625 0.484375
2 0.2828125 0.5765625 0.196875 0.559375
1 0.2390625 0.26171875 0.08125 0.065625
1 0.40390625 0.38828125 0.05 0.05
1 0.33203125 0.32265625 0.059375 0.0515625
2 0.45703125 0.615625 0.184375 0.5765625
1 0.69921875 0.46328125 0.0375 0.034375
1 0.7515625 0.45859375 0.04375 0.0390625
1 0.52265625 0.4109375 0.0421875 0.0375
2 0.16171875 0.5703125 0.265625 0.6828125
1 0.959375 0.65078125 0.0046875 0.0046875
1 0.646875 0.46484375 0.0390625 0.0328125
2 0.50625 0.61640625 0.134375 0.4453125
2 0.740625 0.65390625 0.1734375 0.428125
2 0.6328125 0.64140625 0.1265625 0.38125
2 0.5734375 0.6328125 0.1703125 0.4359375
1 0.6 0.43828125 0.0484375 0.04375
2 0.67265625 0.6421875 0.121875 0.390625
2 0.9546875 0.67578125 0.025 0.0546875
2 0.8734375 0.665625 0.0125 0.0265625
2 0.8640625 0.66484375 0.0109375 0.025
1 0.50625 0.40234375 0.01875 0.021875
2 0.92890625 0.67265625 0.0109375 0.0203125