1 0.4734375 0.353125 0.04609375 0.0421875
2 0.38046875 0.6203125 0.0984375 0.47578125
2 0.2953125 0.60625 0.121875 0.54765625
1 0.20859375 0.3 0.0734375 0.05625
1 0.3890625 0.403125 0.04453125 0.04375
1 0.30859375 0.34765625 0.05390625 0.04453125
2 0.4734375 0.6203125 0.10703125 0.56640625
1 0.6921875 0.4359375 0.0328125 0.03046875
1 0.74375 0.42421875 0.0390625 0.03359375
1 0.51015625 0.40859375 0.0375 0.0328125
2 0.175 0.61640625 0.17421875 0.66484375
1 0.97578125 0.58515625 0.0046875 0.00390625
1 0.640625 0.44453125 0.03515625 0.02890625
2 0.52265625 0.6140625 0.0734375 0.4390625
2 0.759375 0.61875 0.1171875 0.41640625
2 0.6515625 0.621875 0.07578125 0.375
2 0.59140625 0.62109375 0.11171875 0.425
1 0.590625 0.425 0.04375 0.0375
2 0.690625 0.6171875 0.06875 0.384375
2 0.975 0.6109375 0.0171875 0.053125
2 0.89296875 0.61171875 0.00859375 0.025
2 0.88359375 0.6125 0.0078125 0.0234375
1 0.49296875 0.40234375 0.01640625 0.01953125
2 0.9484375 0.6109375 0.0078125 0.01953125