1 0.50703125 0.35078125 0.0546875 0.0515625
2 0.35625 0.590625 0.203125 0.4859375
2 0.2765625 0.5578125 0.2421875 0.5609375
1 0.2609375 0.23984375 0.084375 0.071875
1 0.4140625 0.38046875 0.053125 0.053125
1 0.34765625 0.30859375 0.0625 0.05625
2 0.446875 0.6109375 0.23125 0.5765625
1 0.7015625 0.48046875 0.0390625 0.0375
1 0.7546875 0.48125 0.0453125 0.0421875
1 0.53046875 0.41328125 0.04375 0.040625
2 0.1578125 0.540625 0.315625 0.6875
1 0.94453125 0.68984375 0.0046875 0.0046875
1 0.64921875 0.47734375 0.040625 0.0359375
2 0.49609375 0.61640625 0.1703125 0.44375
2 0.72578125 0.67421875 0.2078125 0.4328125
2 0.6203125 0.653125 0.1578125 0.3828125
2 0.56171875 0.63828125 0.2046875 0.4390625
1 0.60546875 0.44765625 0.0515625 0.046875
2 0.659375 0.65703125 0.153125 0.390625
2 0.9375 0.71484375 0.028125 0.05625
2 0.8578125 0.696875 0.0140625 0.0265625
2 0.8484375 0.69609375 0.0125 0.025
1 0.51484375 0.403125 0.0203125 0.0234375
2 0.91171875 0.70859375 0.0125 0.0203125