0 0.465625 0.4984375 0.06640625 0.1359375
0 0.39609375 0.49375 0.06484375 0.1390625
2 0.46796875 0.5765625 0.08203125 0.38515625
2 0.39375 0.571875 0.07734375 0.3953125
2 0.2015625 0.41171875 0.08671875 0.3515625
2 0.5859375 0.5828125 0.0625 0.3046875
2 0.16015625 0.4359375 0.059375 0.30625
2 0.54609375 0.40703125 0.07421875 0.3265625
2 0.28515625 0.47578125 0.05546875 0.22265625
2 0.5984375 0.43359375 0.05703125 0.19921875
2 0.421875 0.37265625 0.0390625 0.1421875
2 0.22265625 0.90234375 0.08828125 0.1890625
2 0.7125 0.909375 0.075 0.17734375
2 0.27421875 0.29375 0.053125 0.1578125
2 0.3109375 0.34140625 0.04140625 0.19375
2 0.5390625 0.25703125 0.06328125 0.12578125
2 0.16171875 0.9265625 0.08515625 0.14140625
2 0.525 0.93828125 0.09296875 0.1171875