0 0.465625 0.5046875 0.0890625 0.1453125
0 0.396875 0.51171875 0.0875 0.1484375
2 0.48203125 0.58125 0.1484375 0.39375
2 0.4078125 0.5890625 0.1453125 0.403125
2 0.190625 0.46484375 0.146875 0.3609375
2 0.59921875 0.56640625 0.1140625 0.3109375
2 0.15390625 0.49609375 0.1109375 0.3125
2 0.52890625 0.40078125 0.1296875 0.334375
2 0.284375 0.51328125 0.09375 0.228125
2 0.58515625 0.4171875 0.090625 0.20625
2 0.40078125 0.38828125 0.0625 0.146875
2 0.29609375 0.921875 0.1203125 0.15625
2 0.78046875 0.86640625 0.1046875 0.1875
2 0.2421875 0.3359375 0.0796875 0.1640625
2 0.2859375 0.3765625 0.075 0.1984375
2 0.49609375 0.25390625 0.084375 0.134375
2 0.23984375 0.95078125 0.1078125 0.0984375
2 0.60078125 0.92734375 0.1125 0.13125