2 0.528125 0.6421875 0.259375 0.715625
2 0.72734375 0.5046875 0.3125 0.975
2 0.25234375 0.51953125 0.4203125 0.9609375
1 0.6875 0.0703125 0.1625 0.140625
1 0.25078125 0.10703125 0.1515625 0.178125
1 0.51953125 0.35390625 0.128125 0.1125
0 0.24609375 0.628125 0.3921875 0.6765625
0 0.53125 0.68203125 0.2046875 0.4546875
0 0.7515625 0.54140625 0.2484375 0.5765625
2 0.60546875 0.38125 0.0578125 0.153125
0 0.64609375 0.375 0.0453125 0.0796875
2 0.653125 0.36953125 0.0578125 0.128125
0 0.6078125 0.36015625 0.0328125 0.059375
1 0.6078125 0.32421875 0.0234375 0.0203125
1 0.653125 0.315625 0.021875 0.0375