2 0.51796875 0.64609375 0.21015625 0.70546875
2 0.7265625 0.5203125 0.246875 0.959375
2 0.2515625 0.51640625 0.35390625 0.9671875
1 0.7171875 0.08203125 0.153125 0.13671875
1 0.27890625 0.090625 0.140625 0.16796875
1 0.5296875 0.35546875 0.121875 0.10390625
0 0.2375 0.61015625 0.346875 0.6546875
0 0.51875 0.68359375 0.1734375 0.44296875
0 0.7484375 0.55859375 0.21015625 0.5625
2 0.61328125 0.3890625 0.046875 0.15078125
0 0.6546875 0.38515625 0.03984375 0.0765625
2 0.66171875 0.38046875 0.0484375 0.125
0 0.6171875 0.36796875 0.0296875 0.05703125
1 0.61953125 0.33203125 0.02265625 0.01875
1 0.665625 0.3265625 0.01875 0.03671875