0 0.465625 0.49609375 0.075 0.140625
0 0.396875 0.48671875 0.075 0.14375
2 0.4625 0.57421875 0.109375 0.390625
2 0.3890625 0.5640625 0.1046875 0.4
2 0.20859375 0.39140625 0.1109375 0.35625
2 0.5796875 0.58828125 0.084375 0.3078125
2 0.165625 0.4125 0.08125 0.309375
2 0.55234375 0.41015625 0.096875 0.33125
2 0.2875 0.4609375 0.0703125 0.2265625
2 0.603125 0.440625 0.0703125 0.203125
2 0.43125 0.3671875 0.0484375 0.1453125
2 0.1953125 0.88203125 0.1015625 0.1953125
2 0.6828125 0.915625 0.0875 0.16875
2 0.2890625 0.278125 0.0640625 0.1609375
2 0.32265625 0.32890625 0.0546875 0.196875
2 0.55625 0.26015625 0.071875 0.1296875
2 0.1328125 0.9015625 0.0953125 0.146875
2 0.49453125 0.93828125 0.1015625 0.1234375