2 0.5453125 0.63671875 0.340625 0.7265625
2 0.7265625 0.48515625 0.425 0.9703125
2 0.2625 0.52734375 0.525 0.9453125
1 0.63359375 0.06484375 0.1765625 0.1296875
1 0.2046875 0.140625 0.1703125 0.1921875
1 0.5015625 0.35234375 0.1390625 0.125
0 0.2625 0.6515625 0.465625 0.696875
0 0.553125 0.6765625 0.2546875 0.4671875
0 0.7546875 0.51015625 0.3140625 0.5921875
2 0.58984375 0.36953125 0.075 0.15625
0 0.6296875 0.3578125 0.053125 0.0828125
2 0.6359375 0.3515625 0.071875 0.13125
0 0.58984375 0.34765625 0.040625 0.0609375
1 0.58515625 0.3125 0.0265625 0.0234375
1 0.6296875 0.2984375 0.025 0.0390625