1 0.6875 0.0484375 0.07421875 0.0828125
1 0.803125 0.2234375 0.12265625 0.11796875
1 0.65859375 0.17734375 0.08984375 0.1
1 0.61171875 0.42734375 0.17890625 0.20390625
1 0.5640625 0.0734375 0.07734375 0.0765625
1 0.44609375 0.05546875 0.07578125 0.0984375
2 0.903125 0.6109375 0.1875 0.7765625
1 0.85234375 0.0625 0.0890625 0.1203125
2 0.6984375 0.16953125 0.1375 0.3265625
2 0.6234375 0.6609375 0.290625 0.678125
2 0.665625 0.37734375 0.16484375 0.48671875
2 0.82109375 0.434375 0.1984375 0.5421875
2 0.453125 0.50546875 0.221875 0.6140625
2 0.2546875 0.309375 0.2015625 0.60546875
2 0.859375 0.2296875 0.14140625 0.4203125
2 0.5578125 0.18828125 0.11484375 0.31015625
2 0.3796875 0.1 0.09453125 0.19765625
1 0.97265625 0.2890625 0.0546875 0.14921875
1 0.40078125 0.02109375 0.04921875 0.0421875