1 0.67109375 0.0421875 0.0765625 0.084375
1 0.79296875 0.21328125 0.1265625 0.121875
1 0.646875 0.171875 0.09375 0.103125
1 0.609375 0.4234375 0.1859375 0.209375
1 0.54921875 0.07109375 0.0796875 0.0796875
1 0.43046875 0.0578125 0.0796875 0.1015625
2 0.9 0.59609375 0.2 0.7828125
1 0.8359375 0.05625 0.09375 0.1125
2 0.68671875 0.1640625 0.1484375 0.328125
2 0.62890625 0.65625 0.3140625 0.6875
2 0.6609375 0.371875 0.18125 0.4921875
2 0.81875 0.4234375 0.2171875 0.5484375
2 0.453125 0.50703125 0.24375 0.621875
2 0.2484375 0.31796875 0.221875 0.6125
2 0.85 0.2171875 0.15625 0.425
2 0.546875 0.18671875 0.125 0.3140625
2 0.365625 0.1046875 0.1015625 0.2015625
1 0.96484375 0.27265625 0.059375 0.1515625
1 0.384375 0.025 0.05 0.04375