1 0.58125 0.0328125 0.090625 0.065625
1 0.7328125 0.1625 0.1453125 0.1421875
1 0.58203125 0.15 0.109375 0.1171875
1 0.5921875 0.40390625 0.2203125 0.2390625
1 0.46640625 0.0703125 0.0921875 0.0921875
1 0.34765625 0.07890625 0.0953125 0.1125
2 0.86953125 0.51640625 0.2609375 0.7984375
1 0.74453125 0.03125 0.1140625 0.0625
2 0.61796875 0.15390625 0.2078125 0.3078125
2 0.65625 0.62890625 0.4359375 0.7265625
2 0.63359375 0.34296875 0.2703125 0.5109375
2 0.7984375 0.3640625 0.315625 0.5734375
2 0.45546875 0.515625 0.3546875 0.6484375
2 0.21796875 0.36953125 0.3328125 0.6359375
2 0.78828125 0.1875 0.2328125 0.375
2 0.4859375 0.18359375 0.18125 0.328125
2 0.29296875 0.1375 0.1359375 0.2140625
1 0.91328125 0.18828125 0.0875 0.1578125
1 0.2953125 0.05546875 0.0578125 0.0515625