2 0.28984375 0.61328125 0.4265625 0.73125
2 0.146875 0.5265625 0.29375 0.8125
2 0.53203125 0.63359375 0.4796875 0.7328125
2 0.8859375 0.83046875 0.1625 0.3390625
1 0.2171875 0.2234375 0.1828125 0.159375
1 0.37109375 0.33828125 0.15625 0.1859375
1 0.53828125 0.34375 0.190625 0.1765625
0 0.896875 0.80234375 0.1203125 0.1828125
1 0.9359375 0.6984375 0.0515625 0.0515625
0 0.53984375 0.75078125 0.4078125 0.4984375
0 0.6828125 0.7171875 0.08125 0.0828125
2 0.69453125 0.684375 0.0921875 0.125
1 0.69921875 0.64609375 0.0484375 0.0375
0 0.10859375 0.6421875 0.2171875 0.56875
0 0.278125 0.71328125 0.3640625 0.4921875