2 0.2859375 0.60625 0.446875 0.7359375
2 0.153125 0.51328125 0.30625 0.8140625
2 0.52734375 0.6328125 0.5015625 0.734375
2 0.87265625 0.83671875 0.1765625 0.3265625
1 0.2265625 0.2140625 0.1859375 0.1625
1 0.37734375 0.334375 0.1609375 0.1890625
1 0.54375 0.3453125 0.19375 0.18125
0 0.8859375 0.815625 0.125 0.184375
1 0.92890625 0.71328125 0.053125 0.053125
0 0.53125 0.75 0.421875 0.5
0 0.67578125 0.7234375 0.0828125 0.084375
2 0.68828125 0.69140625 0.096875 0.1265625
1 0.69375 0.653125 0.05 0.0390625
0 0.11015625 0.62734375 0.2203125 0.5703125
0 0.27109375 0.70546875 0.3765625 0.4984375