2 0.31796875 0.6546875 0.28984375 0.68671875
2 0.11484375 0.609375 0.2296875 0.78125
2 0.56328125 0.6421875 0.3390625 0.71484375
2 0.9546875 0.78046875 0.0796875 0.40859375
1 0.165625 0.28828125 0.16015625 0.128125
1 0.340625 0.36875 0.125 0.16328125
1 0.5046875 0.3390625 0.16328125 0.14609375
0 0.95078125 0.71328125 0.08671875 0.16796875
1 0.96796875 0.603125 0.04375 0.04375
0 0.59609375 0.7578125 0.3140625 0.484375
0 0.72421875 0.67421875 0.06796875 0.06953125
2 0.72890625 0.63984375 0.07109375 0.1125
1 0.725 0.6015625 0.04375 0.0296875
0 0.1015625 0.73125 0.203125 0.5375
0 0.32734375 0.7546875 0.27734375 0.44453125