2 0.0734375 0.82578125 0.14609375 0.34765625
2 0.93984375 0.75859375 0.1203125 0.4828125
1 0.1671875 0.5390625 0.0875 0.11484375
1 0.05546875 0.64765625 0.08359375 0.1078125
1 0.29921875 0.0859375 0.0734375 0.0984375
1 0.496875 0.05078125 0.0703125 0.090625
1 0.821875 0.14765625 0.0640625 0.10859375
1 0.59296875 0.1890625 0.065625 0.0953125
1 0.56875 0.40859375 0.075 0.0984375
1 0.053125 0.06875 0.07890625 0.1109375
1 0.37109375 0.36015625 0.07421875 0.11953125
1 0.67890625 0.11171875 0.065625 0.08203125
1 0.1828125 0.03359375 0.0734375 0.0640625
1 0.75078125 0.2140625 0.071875 0.090625
1 0.42265625 0.58125 0.08046875 0.12109375
1 0.27421875 0.44296875 0.0734375 0.09140625
1 0.25625 0.7125 0.084375 0.13125
1 0.21796875 0.18828125 0.0703125 0.078125
1 0.39296875 0.0375 0.06640625 0.07265625
1 0.67265625 0.33046875 0.06953125 0.1
1 0.28671875 0.2515625 0.07265625 0.125
1 0.3515625 0.59296875 0.07734375 0.11953125
1 0.89765625 0.0296875 0.07265625 0.059375
1 0.02734375 0.3390625 0.05390625 0.08125
1 0.1171875 0.2546875 0.0640625 0.10546875
1 0.97109375 0.22890625 0.0578125 0.13203125
1 0.37890625 0.18828125 0.07734375 0.115625
1 0.8625 0.24609375 0.06640625 0.11328125
1 0.18671875 0.334375 0.075 0.11640625
1 0.57421875 0.55703125 0.0796875 0.13203125
1 0.52890625 0.184375 0.06328125 0.0859375
2 0.0515625 0.18671875 0.10234375 0.3421875
1 0.753125 0.63046875 0.0828125 0.1328125
1 0.7859375 0.378125 0.06953125 0.12421875
2 0.7484375 0.11484375 0.1296875 0.22890625
2 0.56328125 0.0921875 0.1 0.18359375
2 0.16171875 0.1546875 0.11640625 0.290625
1 0.7234375 0.51328125 0.07421875 0.11875
1 0.1984375 0.91484375 0.0953125 0.1546875
1 0.2609375 0.028125 0.06484375 0.0546875
2 0.4484375 0.7671875 0.15078125 0.4640625
2 0.8765625 0.43046875 0.14140625 0.47109375
2 0.9015625 0.1765625 0.121875 0.3421875
2 0.759375 0.78515625 0.25 0.4296875
2 0.49921875 0.15859375 0.109375 0.29609375
2 0.58125 0.75234375 0.17890625 0.4953125
2 0.2640625 0.6 0.13828125 0.2703125
2 0.246875 0.09140625 0.0921875 0.18046875
2 0.390625 0.17109375 0.134375 0.3328125
2 0.25 0.82734375 0.25 0.3453125
1 0.028125 0.4953125 0.0546875 0.13125
1 0.0703125 0.4375 0.0703125 0.14921875
2 0.15625 0.725 0.14296875 0.44140625
2 0.65 0.53125 0.125 0.375
1 0.171875 0.0828125 0.059375 0.034375
2 0.95703125 0.33671875 0.0859375 0.3375
2 0.7375 0.3125 0.09921875 0.29140625
2 0.5828125 0.3 0.1140625 0.28984375
1 0.9390625 0.50625 0.07421875 0.09921875
2 0.821875 0.2375 0.0953125 0.278125
2 0.21015625 0.284375 0.10546875 0.2625
2 0.11015625 0.3703125 0.11328125 0.30078125
2 0.6703125 0.2171875 0.11953125 0.278125
2 0.29453125 0.18828125 0.11640625 0.3046875
2 0.4953125 0.390625 0.1296875 0.32734375
1 0.46640625 0.640625 0.034375 0.05859375