2 0.15703125 0.86328125 0.2203125 0.2734375
2 0.93671875 0.653125 0.1265625 0.496875
1 0.184375 0.61328125 0.1109375 0.13125
1 0.1 0.74375 0.10625 0.1234375
1 0.2109375 0.14140625 0.09375 0.1125
1 0.39609375 0.06328125 0.0890625 0.1046875
1 0.734375 0.084375 0.0875 0.1203125
1 0.5203125 0.17578125 0.0859375 0.1078125
1 0.54609375 0.3953125 0.0953125 0.1125
1 0.34296875 0.39296875 0.0984375 0.1328125
1 0.58671875 0.08125 0.0828125 0.0953125
1 0.0859375 0.1171875 0.0859375 0.0796875
1 0.6796875 0.16484375 0.090625 0.1046875
1 0.44296875 0.596875 0.10625 0.1359375
1 0.2671875 0.4953125 0.0921875 0.10625
1 0.31015625 0.76171875 0.1125 0.146875
1 0.1546875 0.259375 0.0859375 0.0921875
1 0.29140625 0.0734375 0.08125 0.0859375
1 0.63046875 0.29609375 0.090625 0.1125
1 0.2359375 0.30625 0.0984375 0.1375
1 0.3765625 0.62421875 0.1015625 0.134375
1 0.01875 0.4484375 0.0375 0.090625
1 0.071875 0.346875 0.0859375 0.1171875
1 0.89765625 0.1296875 0.0859375 0.1421875
1 0.31171875 0.2234375 0.1015625 0.1296875
1 0.79609375 0.17109375 0.090625 0.125
1 0.1578125 0.409375 0.1 0.1296875
1 0.58515625 0.5390625 0.1078125 0.146875
1 0.45703125 0.1859375 0.08125 0.0984375
2 0.040625 0.2953125 0.08125 0.35625
1 0.77578125 0.5703125 0.1109375 0.1484375
1 0.7515625 0.3171875 0.0953125 0.1359375
2 0.6546875 0.096875 0.178125 0.19375
2 0.46953125 0.09453125 0.1390625 0.1890625
2 0.09296875 0.23984375 0.178125 0.309375
1 0.7203125 0.4625 0.0984375 0.1328125
1 0.2984375 0.94296875 0.128125 0.1140625
1 0.1609375 0.09375 0.075 0.0671875
2 0.51015625 0.7640625 0.2515625 0.471875
2 0.8515625 0.34765625 0.24375 0.490625
2 0.81796875 0.1375 0.1953125 0.275
2 0.8171875 0.71953125 0.340625 0.475
2 0.42265625 0.1671875 0.1734375 0.3125
2 0.6359375 0.72734375 0.2859375 0.5234375
2 0.29296875 0.65078125 0.1953125 0.29375
2 0.16171875 0.15859375 0.1296875 0.196875
2 0.31953125 0.20390625 0.20625 0.3546875
2 0.3296875 0.8390625 0.321875 0.321875
1 0.03984375 0.6015625 0.0796875 0.140625
1 0.0671875 0.5359375 0.1015625 0.1609375
2 0.21484375 0.7828125 0.2390625 0.434375
2 0.653125 0.496875 0.20625 0.39375
1 0.08671875 0.1671875 0.065625 0.046875
2 0.90859375 0.23828125 0.159375 0.3484375
2 0.6890625 0.2640625 0.1625 0.30625
2 0.5359375 0.28671875 0.1765625 0.3078125
1 0.92890625 0.40703125 0.0953125 0.1140625
2 0.7546875 0.171875 0.1546875 0.2921875
2 0.16875 0.35546875 0.1625 0.2796875
2 0.090625 0.46171875 0.178125 0.31875
2 0.60234375 0.1859375 0.1796875 0.2984375
2 0.2296875 0.2421875 0.18125 0.3234375
2 0.47109375 0.39453125 0.2 0.3484375
1 0.49921875 0.64453125 0.046875 0.0640625