2 0.12890625 0.85234375 0.1984375 0.2953125
2 0.9390625 0.68671875 0.121875 0.4953125
1 0.17734375 0.590625 0.1046875 0.1265625
1 0.084375 0.715625 0.1 0.1203125
1 0.23671875 0.12265625 0.0875 0.109375
1 0.4265625 0.05703125 0.084375 0.1
1 0.7625 0.1015625 0.0796875 0.1171875
1 0.54296875 0.178125 0.0796875 0.1046875
1 0.55390625 0.39921875 0.0890625 0.109375
1 0.01953125 0.14375 0.0390625 0.121875
1 0.35078125 0.38203125 0.0921875 0.1296875
1 0.615625 0.08828125 0.078125 0.090625
1 0.1140625 0.0890625 0.0828125 0.075
1 0.703125 0.178125 0.0859375 0.1
1 0.4359375 0.5921875 0.0984375 0.1328125
1 0.26796875 0.47890625 0.0875 0.1015625
1 0.2921875 0.74765625 0.103125 0.1421875
1 0.17265625 0.2359375 0.08125 0.0875
1 0.321875 0.06015625 0.0765625 0.0828125
1 0.64375 0.30546875 0.084375 0.109375
1 0.25078125 0.28828125 0.090625 0.134375
1 0.36796875 0.61484375 0.0953125 0.1296875
1 0.0203125 0.41484375 0.040625 0.0890625
1 0.08359375 0.31796875 0.0796875 0.1140625
1 0.92265625 0.15859375 0.078125 0.1390625
1 0.33125 0.2109375 0.09375 0.1265625
1 0.81796875 0.1921875 0.0828125 0.121875
1 0.16484375 0.38515625 0.0921875 0.1265625
1 0.58203125 0.54453125 0.1 0.1421875
1 0.47890625 0.18359375 0.0765625 0.0953125
2 0.0421875 0.26015625 0.084375 0.3546875
1 0.7703125 0.5890625 0.103125 0.14375
1 0.76328125 0.33515625 0.0875 0.1328125
2 0.68515625 0.1015625 0.1640625 0.203125
2 0.4984375 0.09296875 0.128125 0.1859375
2 0.11171875 0.21171875 0.1609375 0.3046875
1 0.72265625 0.478125 0.0921875 0.128125
1 0.2671875 0.93671875 0.11875 0.1265625
1 0.18984375 0.07109375 0.071875 0.0640625
2 0.490625 0.765625 0.221875 0.46875
2 0.8609375 0.37265625 0.2140625 0.4875
2 0.84609375 0.1484375 0.1734375 0.296875
2 0.80078125 0.74140625 0.3140625 0.4640625
2 0.44609375 0.16328125 0.1546875 0.309375
2 0.61953125 0.73671875 0.2546875 0.5171875
2 0.2828125 0.6359375 0.178125 0.2890625
2 0.1859375 0.1359375 0.11875 0.1921875
2 0.340625 0.1921875 0.184375 0.35
2 0.30390625 0.8359375 0.3015625 0.328125
1 0.03515625 0.56875 0.0703125 0.1375
1 0.065625 0.50546875 0.0921875 0.1578125
2 0.19453125 0.7734375 0.2109375 0.453125
2 0.653125 0.50703125 0.1828125 0.390625
1 0.1109375 0.1390625 0.0640625 0.04375
2 0.92578125 0.2671875 0.1375 0.346875
2 0.70546875 0.27734375 0.14375 0.303125
2 0.55078125 0.28984375 0.1578125 0.3046875
1 0.934375 0.4375 0.0890625 0.109375
2 0.7765625 0.190625 0.1375 0.2890625
2 0.1796875 0.33203125 0.1453125 0.275
2 0.09453125 0.4328125 0.159375 0.3140625
2 0.62421875 0.19375 0.1609375 0.29375
2 0.2484375 0.22421875 0.1625 0.31875
2 0.478125 0.39296875 0.1796875 0.34375
1 0.4890625 0.64453125 0.04375 0.0625