2 0.3015625 0.39453125 0.38515625 0.77109375
2 0.753125 0.5453125 0.39453125 0.38046875
2 0.78984375 0.89609375 0.4171875 0.2078125
2 0.71640625 0.125 0.3453125 0.25
1 0.40390625 0.07421875 0.14609375 0.11953125
1 0.70625 0.0328125 0.13046875 0.065625
1 0.64765625 0.396875 0.1390625 0.11484375
1 0.82734375 0.84140625 0.13515625 0.0953125
0 0.31484375 0.2703125 0.20859375 0.31953125
0 0.7375 0.16875 0.2359375 0.159375
0 0.79140625 0.5625 0.29296875 0.27265625
0 0.81484375 0.9703125 0.33359375 0.059375