2 0.478125 0.71796875 0.221875 0.5640625
2 0.76875 0.64375 0.20625 0.521875
2 0.6546875 0.675 0.2265625 0.528125
2 0.1421875 0.76015625 0.209375 0.4796875
2 0.31328125 0.7375 0.2734375 0.525
2 0.90625 0.61015625 0.1875 0.5359375
1 0.10234375 0.55390625 0.0703125 0.084375
1 0.275 0.528125 0.08125 0.09375
1 0.41796875 0.48515625 0.0875 0.0875
1 0.61640625 0.4515625 0.078125 0.084375
1 0.71640625 0.43515625 0.0859375 0.0890625
1 0.86875 0.378125 0.08125 0.115625
0 0.13671875 0.71796875 0.1578125 0.2390625
0 0.303125 0.67734375 0.1734375 0.24375
0 0.4625 0.64375 0.1640625 0.2546875
0 0.63984375 0.609375 0.1765625 0.2484375
0 0.75625 0.5875 0.1640625 0.2515625
0 0.90625 0.51875 0.1875 0.23125