2 0.47421875 0.71796875 0.2125 0.5625
2 0.76640625 0.6484375 0.1984375 0.5203125
2 0.6515625 0.678125 0.21875 0.5265625
2 0.13671875 0.7578125 0.2015625 0.484375
2 0.30859375 0.7359375 0.2640625 0.528125
2 0.9078125 0.61796875 0.184375 0.5359375
1 0.1015625 0.54765625 0.06875 0.0828125
1 0.27421875 0.52421875 0.0796875 0.0921875
1 0.41875 0.48359375 0.0875 0.0875
1 0.6171875 0.45390625 0.0765625 0.0828125
1 0.71796875 0.43828125 0.084375 0.0875
1 0.87109375 0.384375 0.0796875 0.115625
0 0.1328125 0.71171875 0.1546875 0.2375
0 0.3 0.67421875 0.1703125 0.2421875
0 0.46015625 0.64296875 0.1609375 0.253125
0 0.63828125 0.6125 0.1734375 0.2453125
0 0.7546875 0.5921875 0.159375 0.25
0 0.90703125 0.52578125 0.1859375 0.2296875