2 0.43671875 0.71015625 0.11875 0.55078125
2 0.73671875 0.6921875 0.1109375 0.509375
2 0.61875 0.7015625 0.13203125 0.51171875
2 0.09609375 0.7015625 0.1171875 0.49375
2 0.26953125 0.70625 0.17734375 0.5171875
2 0.903125 0.69140625 0.1421875 0.51875
1 0.09921875 0.47734375 0.05703125 0.07421875
1 0.2734375 0.484375 0.06640625 0.08203125
1 0.42265625 0.46953125 0.075 0.075
1 0.6234375 0.475 0.065625 0.07265625
1 0.725 0.47734375 0.07265625 0.0765625
1 0.88515625 0.45078125 0.0625 0.10625
0 0.1015625 0.64453125 0.11796875 0.2203125
0 0.27265625 0.63671875 0.13359375 0.22265625
0 0.4359375 0.63359375 0.121875 0.2359375
0 0.61640625 0.634375 0.13671875 0.22578125
0 0.73515625 0.63515625 0.12109375 0.2328125
0 0.89921875 0.59765625 0.159375 0.2046875