2 0.5484375 0.47109375 0.115625 0.55078125
2 0.8109375 0.50546875 0.1 0.45234375
2 0.07109375 0.484375 0.1328125 0.6875
2 0.38984375 0.4765625 0.13671875 0.58515625
2 0.678125 0.48984375 0.14609375 0.55390625
2 0.72421875 0.48203125 0.07890625 0.5015625
1 0.10078125 0.17578125 0.09921875 0.08203125
1 0.42578125 0.2203125 0.08359375 0.0796875
1 0.56171875 0.2234375 0.075 0.06640625
1 0.71875 0.25625 0.06796875 0.08671875
0 0.73046875 0.41953125 0.078125 0.203125
1 0.74375 0.27890625 0.05859375 0.05
1 0.8234375 0.29921875 0.05546875 0.04375
0 0.07265625 0.4078125 0.1421875 0.30078125
0 0.3875 0.38828125 0.128125 0.2375
0 0.55703125 0.39609375 0.1109375 0.2046875
0 0.65625 0.4046875 0.08828125 0.2640625
0 0.82421875 0.4421875 0.12109375 0.16328125