2 0.55234375 0.4796875 0.209375 0.5625
2 0.80546875 0.559375 0.1765625 0.4625
2 0.10234375 0.409375 0.2046875 0.7
2 0.3953125 0.4578125 0.2359375 0.6
2 0.67734375 0.52109375 0.240625 0.5703125
2 0.72421875 0.52109375 0.1640625 0.5078125
1 0.16328125 0.11171875 0.1125 0.0984375
1 0.47578125 0.21171875 0.096875 0.09375
1 0.60859375 0.23828125 0.0859375 0.078125
1 0.7578125 0.29765625 0.08125 0.096875
0 0.740625 0.4609375 0.1125 0.2140625
1 0.778125 0.32421875 0.065625 0.059375
1 0.853125 0.35859375 0.0625 0.053125
0 0.0953125 0.33515625 0.190625 0.3203125
0 0.40859375 0.3703125 0.1671875 0.25625
0 0.57421875 0.4078125 0.1453125 0.2203125
0 0.6703125 0.43359375 0.1328125 0.275
0 0.8296875 0.49921875 0.146875 0.18125