2 0.54453125 0.465625 0.18125 0.5609375
2 0.809375 0.4671875 0.1546875 0.4609375
2 0.08984375 0.53671875 0.1796875 0.6984375
2 0.3875 0.48984375 0.20625 0.596875
2 0.67578125 0.46796875 0.2125 0.5671875
2 0.7203125 0.4546875 0.1390625 0.5078125
1 0.0640625 0.2265625 0.1078125 0.09375
1 0.3921875 0.23125 0.0921875 0.0890625
1 0.52734375 0.21796875 0.0828125 0.075
1 0.6875 0.23125 0.078125 0.09375
0 0.71875 0.3921875 0.1015625 0.2109375
1 0.71484375 0.25078125 0.0640625 0.05625
1 0.796875 0.2609375 0.0609375 0.05
0 0.0765625 0.4609375 0.153125 0.315625
0 0.375 0.403125 0.15625 0.2515625
0 0.54375 0.38984375 0.134375 0.2171875
0 0.64375 0.38671875 0.1203125 0.2734375
0 0.81484375 0.403125 0.140625 0.1765625