2 0.28203125 0.59453125 0.2421875 0.8109375
2 0.52578125 0.59609375 0.2515625 0.8078125
2 0.6953125 0.53828125 0.24921875 0.9125
2 0.4078125 0.5453125 0.11875 0.87734375
1 0.29609375 0.21015625 0.16328125 0.11953125
1 0.40859375 0.1328125 0.1125 0.11484375
1 0.49609375 0.23125 0.128125 0.121875
1 0.65625 0.13671875 0.13359375 0.109375
0 0.26953125 0.4921875 0.23828125 0.3421875
0 0.39453125 0.334375 0.14453125 0.23984375
0 0.51015625 0.5140625 0.2046875 0.33203125
0 0.68984375 0.43359375 0.2375 0.359375