2 0.4875 0.2921875 0.1703125 0.2125
2 0.190625 0.34453125 0.1421875 0.2265625
1 0.62890625 0.340625 0.259375 0.309375
2 0.90859375 0.6296875 0.1828125 0.55
2 0.23671875 0.803125 0.3515625 0.39375
2 0.86796875 0.16484375 0.1953125 0.3296875
1 0.46015625 0.48203125 0.2578125 0.2828125
1 0.0125 0.21796875 0.025 0.1578125
2 0.728125 0.575 0.465625 0.790625
2 0.7609375 0.17421875 0.25 0.3484375
1 0.57421875 0.04375 0.1140625 0.0875
1 0.93046875 0.47265625 0.1390625 0.2328125
2 0.62890625 0.7609375 0.3953125 0.478125
1 0.1890625 0.16953125 0.109375 0.1203125
1 0.26640625 0.1515625 0.1046875 0.1234375
1 0.33984375 0.16484375 0.0953125 0.09375
1 0.85625 0.246875 0.1296875 0.1453125
2 0.59921875 0.15234375 0.2171875 0.2640625
1 0.09375 0.23125 0.1125 0.1125
1 0.346875 0.06484375 0.10625 0.1
2 0.0734375 0.365625 0.146875 0.35
2 0.07578125 0.3328125 0.1515625 0.21875
1 0.72265625 0.05859375 0.1546875 0.1171875
2 0.4046875 0.78828125 0.359375 0.4234375
2 0.34375 0.225 0.15 0.23125
2 0.0359375 0.178125 0.071875 0.15
2 0.328125 0.45234375 0.2328125 0.34375
1 0.0640625 0.18125 0.0890625 0.0984375
2 0.38046875 0.17578125 0.190625 0.33125
2 0.6671875 0.0890625 0.1125 0.178125
2 0.4828125 0.1140625 0.134375 0.209375
1 0.66171875 0.02578125 0.0703125 0.0515625
1 0.715625 0.09140625 0.103125 0.0625
2 0.47734375 0.196875 0.1421875 0.1859375
2 0.76015625 0.3203125 0.15625 0.265625
2 0.12109375 0.75 0.2421875 0.5