2 0.53828125 0.2953125 0.128125 0.1875
2 0.2375 0.27421875 0.09375 0.21015625
1 0.66328125 0.3765625 0.20078125 0.26953125
2 0.91640625 0.7375 0.16640625 0.525
2 0.16015625 0.77734375 0.2515625 0.44296875
2 0.94375 0.24296875 0.1125 0.35859375
1 0.465625 0.47265625 0.20625 0.240625
1 0.04765625 0.096875 0.0921875 0.1390625
2 0.703125 0.628125 0.29453125 0.7421875
2 0.8359375 0.23125 0.1703125 0.3515625
1 0.68671875 0.06015625 0.0921875 0.09921875
1 0.9390625 0.58125 0.12109375 0.209375
2 0.56171875 0.78671875 0.3015625 0.421875
1 0.278125 0.10390625 0.0875 0.1015625
1 0.3578125 0.10546875 0.08046875 0.1078125
1 0.42578125 0.1359375 0.0796875 0.07734375
1 0.90703125 0.340625 0.10234375 0.125
2 0.68046875 0.18671875 0.1671875 0.2296875
1 0.17109375 0.140625 0.0921875 0.0921875
1 0.45703125 0.040625 0.08984375 0.08046875
2 0.07890625 0.25625 0.15703125 0.321875
2 0.128125 0.23515625 0.11015625 0.1984375
1 0.82734375 0.11015625 0.12890625 0.12421875
2 0.33125 0.7828125 0.2640625 0.42734375
1 0.89921875 0.03984375 0.06796875 0.0703125
2 0.41484375 0.1953125 0.1015625 0.2125
2 0.11015625 0.07109375 0.0796875 0.13515625
2 0.34453125 0.4125 0.1625 0.31328125
1 0.15390625 0.08515625 0.07109375 0.084375
2 0.4625 0.15625 0.11875 0.3125
2 0.76484375 0.1328125 0.06953125 0.18671875
2 0.5765625 0.12109375 0.08984375 0.19375
1 0.775 0.0703125 0.05703125 0.06015625
1 0.8078125 0.15546875 0.096875 0.040625
2 0.5515625 0.20078125 0.10546875 0.16484375
2 0.79609375 0.38828125 0.09921875 0.24921875
2 0.06796875 0.653125 0.1359375 0.4875