2 0.5765625 0.30625 0.1609375 0.2078125
2 0.28515625 0.228125 0.1328125 0.2234375
1 0.68359375 0.41015625 0.2484375 0.303125
2 0.86328125 0.76953125 0.2640625 0.4609375
2 0.1390625 0.70703125 0.278125 0.4828125
2 0.94765625 0.33203125 0.1046875 0.3734375
1 0.47109375 0.46640625 0.2484375 0.275
1 0.13203125 0.04765625 0.1171875 0.0953125
2 0.675 0.6359375 0.43125 0.728125
2 0.88125 0.3 0.234375 0.378125
1 0.7671875 0.10390625 0.109375 0.115625
1 0.915625 0.66328125 0.159375 0.228125
2 0.50546875 0.778125 0.3765625 0.44375
1 0.3578125 0.06875 0.1046875 0.115625
1 0.4359375 0.0859375 0.1 0.121875
1 0.496875 0.128125 0.09375 0.090625
1 0.9296875 0.42109375 0.125 0.1421875
2 0.73671875 0.2265625 0.2078125 0.2578125
1 0.24609375 0.084375 0.1078125 0.1078125
1 0.5453125 0.04453125 0.103125 0.0890625
2 0.1328125 0.18046875 0.215625 0.3453125
2 0.18515625 0.16875 0.1453125 0.215625
1 0.89609375 0.1796875 0.15 0.146875
2 0.28046875 0.7453125 0.340625 0.4703125
1 0.96953125 0.1234375 0.0609375 0.08125
2 0.47421875 0.184375 0.140625 0.228125
2 0.19921875 0.0390625 0.1046875 0.078125
2 0.3640625 0.384375 0.21875 0.3390625
1 0.23828125 0.0375 0.0859375 0.075
2 0.52890625 0.16015625 0.1765625 0.3203125
2 0.8296875 0.18984375 0.103125 0.196875
2 0.64765625 0.14296875 0.125 0.2078125
1 0.8515625 0.13046875 0.0671875 0.0703125
1 0.86796875 0.2203125 0.103125 0.0578125
2 0.6078125 0.21640625 0.134375 0.18125
2 0.81171875 0.446875 0.1453125 0.2640625
2 0.0796875 0.56796875 0.159375 0.5046875