2 0.22109375 0.440625 0.1921875 0.471875
2 0.03828125 0.425 0.0765625 0.225
2 0.7203125 0.50234375 0.290625 0.690625
2 0.34375 0.471875 0.1671875 0.425
2 0.10625 0.44296875 0.096875 0.2375
2 0.5078125 0.48359375 0.40625 0.953125
2 0.59453125 0.48359375 0.284375 0.7984375
2 0.8265625 0.57578125 0.26875 0.6046875
1 0.83828125 0.303125 0.06875 0.084375
1 0.77734375 0.2234375 0.0953125 0.0859375
1 0.64765625 0.1296875 0.090625 0.0890625
1 0.590625 0.05390625 0.090625 0.0828125
2 0.29296875 0.48046875 0.1078125 0.271875
0 0.30234375 0.45234375 0.065625 0.11875
0 0.35703125 0.396875 0.103125 0.153125
1 0.39140625 0.2921875 0.0515625 0.0484375
0 0.2296875 0.35546875 0.1375 0.190625
1 0.2625 0.2359375 0.071875 0.0546875
0 0.03828125 0.396875 0.065625 0.0859375
1 0.05234375 0.3390625 0.0390625 0.034375
0 0.11328125 0.4203125 0.0453125 0.078125
1 0.12265625 0.35859375 0.0375 0.0390625
0 0.8015625 0.465625 0.125 0.2375
0 0.72265625 0.40390625 0.16875 0.246875
0 0.6 0.3734375 0.15 0.278125
0 0.50703125 0.31171875 0.1640625 0.3140625
1 0.321875 0.36484375 0.0484375 0.0515625