2 0.215625 0.5203125 0.1453125 0.4671875
2 0.03203125 0.55703125 0.0640625 0.2234375
2 0.7125 0.44140625 0.2234375 0.6828125
2 0.3421875 0.51640625 0.125 0.421875
2 0.10546875 0.55390625 0.0734375 0.2359375
2 0.503125 0.48203125 0.3140625 0.9421875
2 0.58671875 0.4578125 0.2046875 0.7953125
2 0.83515625 0.4828125 0.209375 0.596875
1 0.77109375 0.2171875 0.0625 0.0796875
1 0.690625 0.1578125 0.0890625 0.078125
1 0.53984375 0.10390625 0.084375 0.08125
1 0.4640625 0.04609375 0.084375 0.0765625
2 0.2953125 0.53828125 0.08125 0.2703125
0 0.296875 0.50859375 0.0546875 0.115625
0 0.334375 0.43984375 0.090625 0.146875
1 0.33828125 0.3296875 0.0484375 0.04375
0 0.2 0.43515625 0.1203125 0.1828125
1 0.19921875 0.31171875 0.0671875 0.0484375
0 0.02890625 0.52734375 0.0578125 0.0828125
1 0.025 0.46875 0.0359375 0.03125
0 0.10625 0.5296875 0.0390625 0.075
1 0.0984375 0.46875 0.034375 0.0375
0 0.7796875 0.38359375 0.103125 0.2328125
0 0.6875 0.34609375 0.146875 0.2375
0 0.56171875 0.35 0.1234375 0.271875
0 0.4546875 0.3171875 0.134375 0.30625
1 0.29140625 0.41953125 0.0453125 0.046875