2 0.8421875 0.840625 0.14453125 0.31796875
2 0.9765625 0.72421875 0.046875 0.15078125
2 0.91015625 0.775 0.04140625 0.1921875
2 0.665625 0.83203125 0.1 0.3359375
2 0.4234375 0.8203125 0.0984375 0.35859375
2 0.44765625 0.6984375 0.03203125 0.121875
2 0.4859375 0.74609375 0.05078125 0.16640625
2 0.2859375 0.6640625 0.02109375 0.0859375
2 0.55859375 0.80625 0.1953125 0.38359375
2 0.2953125 0.834375 0.23515625 0.3234375
2 0.8734375 0.81328125 0.09375 0.334375
2 0.95 0.825 0.07890625 0.3390625
2 0.61328125 0.7 0.06171875 0.16640625
0 0.61015625 0.7328125 0.04609375 0.08046875