2 0.88125 0.79609375 0.1828125 0.3328125
2 0.98359375 0.66484375 0.0328125 0.1546875
2 0.940625 0.72265625 0.0640625 0.1953125
2 0.7046875 0.809375 0.140625 0.3453125
2 0.4625 0.821875 0.140625 0.35625
2 0.471875 0.703125 0.046875 0.125
2 0.51640625 0.74609375 0.0703125 0.171875
2 0.3078125 0.6890625 0.03125 0.0875
2 0.5953125 0.796875 0.240625 0.4046875
2 0.33671875 0.840625 0.2734375 0.31875
2 0.90859375 0.765625 0.134375 0.34375
2 0.9625 0.7671875 0.075 0.346875
2 0.63671875 0.684375 0.08125 0.1734375
0 0.6375 0.71796875 0.05625 0.0859375