2 0.859375 0.821875 0.1609375 0.325
2 0.9796875 0.6984375 0.040625 0.153125
2 0.92421875 0.753125 0.0515625 0.19375
2 0.6828125 0.82265625 0.1171875 0.340625
2 0.43984375 0.82109375 0.1171875 0.3578125
2 0.4578125 0.70078125 0.0390625 0.1234375
2 0.49921875 0.746875 0.059375 0.16875
2 0.29453125 0.675 0.025 0.0875
2 0.57421875 0.803125 0.215625 0.39375
2 0.31328125 0.83828125 0.2515625 0.3234375
2 0.8890625 0.79296875 0.1109375 0.3390625
2 0.95859375 0.80078125 0.0828125 0.3421875
2 0.6234375 0.69375 0.0703125 0.16875
0 0.621875 0.7265625 0.05 0.0828125