2 0.21484375 0.4953125 0.10625 0.46015625
2 0.02578125 0.515625 0.0515625 0.21953125
2 0.71640625 0.46015625 0.16484375 0.67109375
2 0.34140625 0.50234375 0.08984375 0.415625
2 0.10234375 0.51953125 0.05390625 0.23203125
2 0.5046875 0.48203125 0.234375 0.925
2 0.58984375 0.465625 0.13671875 0.78671875
2 0.83515625 0.51171875 0.159375 0.58515625
1 0.79453125 0.2421875 0.05546875 0.075
1 0.71953125 0.17578125 0.08359375 0.07109375
1 0.57421875 0.10859375 0.078125 0.075
1 0.50390625 0.04453125 0.078125 0.06953125
2 0.29296875 0.5203125 0.05859375 0.265625
0 0.296875 0.490625 0.0453125 0.1125
0 0.33984375 0.42578125 0.078125 0.140625
1 0.35390625 0.31640625 0.0453125 0.03984375
0 0.20703125 0.409375 0.10625 0.1734375
1 0.21640625 0.2859375 0.0640625 0.04375
0 0.02734375 0.48671875 0.05234375 0.078125
1 0.0296875 0.42734375 0.034375 0.028125
0 0.10546875 0.4953125 0.0328125 0.07265625
1 0.10234375 0.43359375 0.03125 0.034375
0 0.7890625 0.40859375 0.08359375 0.22578125
0 0.7 0.36328125 0.128125 0.22734375
0 0.57421875 0.35625 0.10078125 0.2640625
0 0.47109375 0.3140625 0.109375 0.2984375
1 0.29921875 0.4015625 0.04140625 0.04375