0 0.60703125 0.54296875 0.08359375 0.07265625
0 0.63203125 0.7625 0.1703125 0.315625
2 0.4328125 0.41875 0.15390625 0.43515625
2 0.54375 0.3578125 0.1015625 0.30859375
2 0.28125 0.403125 0.16875 0.52578125
2 0.69765625 0.33671875 0.11328125 0.26875
1 0.4578125 0.47578125 0.06875 0.06953125
2 0.60390625 0.74921875 0.21328125 0.478125
2 0.89453125 0.57109375 0.209375 0.84609375
2 0.61640625 0.28203125 0.1078125 0.24765625
2 0.5109375 0.58984375 0.11015625 0.1625
2 0.2296875 0.79296875 0.44609375 0.4140625