2 0.14140625 0.52421875 0.1640625 0.64296875
2 0.5359375 0.58046875 0.15859375 0.61640625
1 0.2984375 0.24296875 0.06796875 0.0609375
2 0.6625 0.5546875 0.14609375 0.58671875
1 0.6375 0.23515625 0.06328125 0.06171875
1 0.13125 0.1859375 0.071875 0.06015625
1 0.53203125 0.2515625 0.06875 0.06328125
0 0.84375 0.415625 0.14296875 0.2390625
0 0.6515625 0.44296875 0.13046875 0.23984375
1 0.85234375 0.215625 0.06640625 0.06171875
0 0.296875 0.45078125 0.15078125 0.23046875
2 0.84453125 0.5109375 0.1984375 0.6515625
2 0.43359375 0.57109375 0.12265625 0.571875
0 0.1421875 0.403125 0.153125 0.23046875