2 0.146875 0.56796875 0.240625 0.6578125
2 0.5453125 0.57578125 0.2328125 0.63125
1 0.26875 0.26953125 0.075 0.06875
2 0.66796875 0.534375 0.2171875 0.6
1 0.60390625 0.2203125 0.0703125 0.06875
1 0.09609375 0.23359375 0.078125 0.06875
1 0.5015625 0.24921875 0.0765625 0.071875
0 0.83125 0.37421875 0.1703125 0.2546875
0 0.64375 0.425 0.159375 0.2546875
1 0.81484375 0.175 0.0734375 0.06875
0 0.2921875 0.47578125 0.178125 0.246875
2 0.84296875 0.46875 0.2765625 0.6703125
2 0.44296875 0.57890625 0.1921875 0.5828125
0 0.1328125 0.44765625 0.1796875 0.246875