2 0.1515625 0.43671875 0.303125 0.6640625
2 0.515625 0.58671875 0.303125 0.6359375
1 0.36640625 0.2015625 0.08125 0.075
2 0.64453125 0.5921875 0.284375 0.6046875
1 0.69765625 0.2765625 0.0765625 0.075
1 0.21796875 0.10625 0.084375 0.075
1 0.59140625 0.26640625 0.08125 0.078125
0 0.85390625 0.5015625 0.196875 0.2671875
0 0.6609375 0.48125 0.184375 0.2640625
1 0.9109375 0.309375 0.0796875 0.0765625
0 0.31484375 0.403125 0.2015625 0.259375
2 0.828125 0.59296875 0.34375 0.6796875
2 0.41875 0.553125 0.2578125 0.584375
0 0.1765625 0.31953125 0.2046875 0.2609375