2 0.5234375 0.34453125 0.0625 0.2203125
2 0.59765625 0.50859375 0.08125 0.265625
2 0.521875 0.75703125 0.428125 0.4859375
2 0.1078125 0.72578125 0.1796875 0.515625
2 0.2609375 0.71875 0.184375 0.5453125
2 0.371875 0.62734375 0.1 0.321875
2 0.93046875 0.446875 0.0515625 0.10625
1 0.5296875 0.228125 0.03125 0.028125
1 0.60234375 0.3640625 0.03125 0.028125
2 0.9453125 0.56953125 0.109375 0.2328125
2 0.64375 0.4 0.040625 0.109375
2 0.7234375 0.403125 0.0390625 0.0859375
2 0.81953125 0.42890625 0.0515625 0.09375
2 0.96875 0.41640625 0.0578125 0.0953125
2 0.79375 0.534375 0.078125 0.215625
2 0.6265625 0.4375 0.0515625 0.1625
2 0.69921875 0.46328125 0.053125 0.1375
1 0.8265625 0.3984375 0.03125 0.034375
2 0.47578125 0.49140625 0.053125 0.0703125
1 0.72421875 0.36875 0.025 0.0234375
2 0.60703125 0.753125 0.1828125 0.4296875
1 0.84375 0.5390625 0.1046875 0.103125
2 0.48125 0.42578125 0.090625 0.1890625
2 0.89453125 0.4265625 0.046875 0.1328125
1 0.65 0.359375 0.0234375 0.0234375