2 0.51796875 0.34375 0.0546875 0.21875
2 0.59765625 0.5046875 0.071875 0.2625
2 0.53125 0.76015625 0.4125 0.4796875
2 0.11640625 0.7390625 0.1625 0.5109375
2 0.26875 0.72734375 0.165625 0.540625
2 0.3765625 0.63125 0.0890625 0.31875
2 0.92890625 0.43203125 0.0484375 0.10625
1 0.5203125 0.2265625 0.0296875 0.0265625
1 0.59765625 0.36015625 0.03125 0.028125
2 0.9484375 0.55390625 0.103125 0.2296875
2 0.63984375 0.3953125 0.0359375 0.1078125
2 0.71953125 0.3953125 0.0359375 0.084375
2 0.8171875 0.41796875 0.0484375 0.0921875
2 0.965625 0.4 0.0546875 0.09375
2 0.7953125 0.52421875 0.0703125 0.2125
2 0.625 0.43359375 0.0453125 0.1609375
2 0.69765625 0.45625 0.0484375 0.1359375
1 0.8234375 0.38671875 0.0296875 0.034375
2 0.475 0.4921875 0.0515625 0.06875
1 0.71953125 0.3609375 0.025 0.0234375
2 0.615625 0.74921875 0.16875 0.4234375
1 0.84453125 0.52734375 0.1015625 0.1
2 0.47890625 0.4265625 0.084375 0.1859375
2 0.89140625 0.41328125 0.0421875 0.13125
1 0.64453125 0.35390625 0.021875 0.021875