2 0.515625 0.34375 0.0515625 0.2171875
2 0.59765625 0.503125 0.06796875 0.26171875
2 0.53671875 0.76171875 0.40390625 0.47578125
2 0.1203125 0.74609375 0.153125 0.5078125
2 0.27265625 0.73125 0.15625 0.5375
2 0.37890625 0.63359375 0.08359375 0.31796875
2 0.92734375 0.42421875 0.046875 0.1046875
1 0.515625 0.2265625 0.0296875 0.0265625
1 0.5953125 0.35859375 0.03046875 0.02734375
2 0.95 0.54609375 0.0984375 0.22734375
2 0.63828125 0.39296875 0.034375 0.1078125
2 0.71796875 0.39140625 0.03515625 0.08359375
2 0.815625 0.4125 0.046875 0.09140625
2 0.9640625 0.3921875 0.053125 0.0921875
2 0.7953125 0.51875 0.0671875 0.21171875
2 0.6234375 0.43125 0.04296875 0.1609375
2 0.696875 0.453125 0.0453125 0.1359375
1 0.82109375 0.38125 0.0296875 0.03359375
2 0.475 0.49296875 0.05 0.06796875
1 0.7171875 0.35703125 0.02421875 0.02265625
2 0.6203125 0.746875 0.1609375 0.42109375
1 0.8453125 0.52109375 0.09921875 0.0984375
2 0.47734375 0.4265625 0.08125 0.184375
2 0.88984375 0.40625 0.040625 0.13046875
1 0.6421875 0.3515625 0.021875 0.021875