2 0.57734375 0.515625 0.209375 0.709375
2 0.675 0.5375 0.2609375 0.8015625
1 0.27890625 0.23515625 0.078125 0.0953125
1 0.59609375 0.18515625 0.0921875 0.0984375
1 0.14375 0.19453125 0.0828125 0.0828125
1 0.51328125 0.21171875 0.0828125 0.0921875
1 0.690625 0.1484375 0.084375 0.0890625
1 0.253125 0.17421875 0.059375 0.0609375
1 0.38125 0.17734375 0.0828125 0.0828125
1 0.796875 0.1953125 0.0734375 0.1234375
1 0.75078125 0.18046875 0.08125 0.0984375
1 0.30625 0.1984375 0.0484375 0.053125
1 0.64609375 0.196875 0.05 0.0765625
1 0.44375 0.26015625 0.06875 0.1046875
2 0.1546875 0.51328125 0.3046875 0.7265625
2 0.446875 0.54609375 0.26875 0.8046875
2 0.825 0.51484375 0.2765625 0.7515625
2 0.31796875 0.540625 0.23125 0.7140625
2 0.27578125 0.23828125 0.15 0.203125
0 0.3 0.40859375 0.1578125 0.2296875