2 0.57421875 0.5265625 0.1125 0.7
2 0.66796875 0.56171875 0.153125 0.7875
1 0.31796875 0.20703125 0.0671875 0.0875
1 0.6390625 0.2015625 0.08125 0.0875
1 0.18984375 0.14765625 0.0734375 0.071875
1 0.553125 0.21640625 0.071875 0.084375
1 0.7375 0.178125 0.0734375 0.078125
1 0.30078125 0.14296875 0.053125 0.053125
1 0.42734375 0.1640625 0.071875 0.0734375
1 0.83671875 0.23984375 0.0578125 0.1171875
1 0.79296875 0.21875 0.06875 0.0890625
1 0.35 0.17421875 0.04375 0.046875
1 0.68671875 0.2203125 0.040625 0.071875
1 0.47734375 0.2546875 0.05625 0.0984375
2 0.15625 0.46484375 0.209375 0.7046875
2 0.440625 0.53828125 0.159375 0.790625
2 0.81953125 0.56015625 0.175 0.734375
2 0.3140625 0.51484375 0.134375 0.7015625
2 0.3140625 0.209375 0.125 0.1875
0 0.31484375 0.38203125 0.1296875 0.2140625