1 0.44375 0.25078125 0.13359375 0.12890625
1 0.7890625 0.1578125 0.321875 0.27109375
1 0.5703125 0.278125 0.15078125 0.14765625
1 0.36640625 0.27421875 0.0671875 0.06796875
1 0.33359375 0.2734375 0.04765625 0.0703125
2 0.45390625 0.48828125 0.190625 0.58359375
1 0.315625 0.29609375 0.02421875 0.04453125
2 0.81953125 0.51015625 0.3484375 0.97109375
2 0.5734375 0.60234375 0.228125 0.7953125
2 0.33125 0.38515625 0.06640625 0.26171875
2 0.37734375 0.4484375 0.0984375 0.42890625
1 0.3953125 0.30390625 0.03125 0.03125