2 0.57265625 0.6453125 0.4265625 0.709375
2 0.4578125 0.68828125 0.265625 0.6234375
2 0.11328125 0.4703125 0.2265625 0.446875
2 0.58046875 0.4234375 0.0890625 0.153125
1 0.190625 0.275 0.2 0.203125
1 0.659375 0.24453125 0.1125 0.10625
1 0.9078125 0.28125 0.0765625 0.071875
1 0.49375 0.36875 0.1296875 0.1265625
1 0.79296875 0.3234375 0.1 0.096875
1 0.8578125 0.30859375 0.084375 0.08125
1 0.07734375 0.37578125 0.140625 0.140625
1 0.3875 0.3984375 0.0765625 0.075
1 0.5984375 0.34296875 0.075 0.0765625
1 0.29921875 0.43671875 0.0859375 0.0921875
1 0.56953125 0.38046875 0.046875 0.0578125
1 0.71328125 0.33671875 0.034375 0.0453125
2 0.7390625 0.57265625 0.409375 0.76875
2 0.403125 0.4703125 0.1328125 0.2109375
2 0.26953125 0.58046875 0.5390625 0.8390625
2 0.86796875 0.58828125 0.2640625 0.6390625
2 0.928125 0.559375 0.14375 0.625
2 0.596875 0.4109375 0.1359375 0.2015625
1 0.75703125 0.3671875 0.028125 0.034375
1 0.73984375 0.37109375 0.0375 0.0421875