2 0.5125 0.65859375 0.34375 0.6828125
2 0.38828125 0.6671875 0.18125 0.6421875
2 0.121875 0.3140625 0.24375 0.43125
2 0.603125 0.459375 0.0703125 0.15
1 0.29765625 0.175 0.18125 0.184375
1 0.74375 0.32265625 0.103125 0.0953125
1 0.96015625 0.45 0.0703125 0.0640625
1 0.54375 0.3765625 0.11875 0.115625
1 0.83828125 0.44609375 0.0921875 0.0875
1 0.90390625 0.45703125 0.078125 0.0734375
1 0.1546875 0.2265625 0.128125 0.128125
1 0.434375 0.36328125 0.06875 0.0671875
1 0.65 0.39140625 0.06875 0.0703125
1 0.3375 0.365625 0.0765625 0.084375
1 0.609375 0.41484375 0.040625 0.0546875
1 0.759375 0.42890625 0.0296875 0.04375
2 0.69375 0.6390625 0.315625 0.721875
2 0.42109375 0.4359375 0.1078125 0.2046875
2 0.2265625 0.5234375 0.453125 0.9125
2 0.83125 0.70703125 0.2375 0.5859375
2 0.9203125 0.7109375 0.159375 0.578125
2 0.62265625 0.45390625 0.1125 0.19375
1 0.78828125 0.4734375 0.025 0.0328125
1 0.7703125 0.4703125 0.034375 0.0390625