2 0.5328125 0.6609375 0.2640625 0.665625
2 0.409375 0.6796875 0.10546875 0.634375
2 0.1 0.3625 0.2 0.409375
2 0.59765625 0.446875 0.05390625 0.14375
1 0.259375 0.20234375 0.1625 0.16640625
1 0.7203125 0.29453125 0.09375 0.084375
1 0.95078125 0.39453125 0.0640625 0.05703125
1 0.528125 0.371875 0.10703125 0.103125
1 0.82890625 0.40546875 0.0828125 0.07734375
1 0.8953125 0.4078125 0.0703125 0.06484375
1 0.12421875 0.2703125 0.11484375 0.11484375
1 0.41796875 0.37265625 0.0625 0.06015625
1 0.6359375 0.37421875 0.0609375 0.06328125
1 0.32265625 0.38671875 0.06796875 0.07734375
1 0.5984375 0.40234375 0.034375 0.05078125
1 0.7484375 0.39765625 0.025 0.040625
2 0.71171875 0.63203125 0.22734375 0.734375
2 0.4140625 0.44609375 0.08515625 0.1953125
2 0.209375 0.56015625 0.396875 0.87109375
2 0.8578125 0.68828125 0.16328125 0.61796875
2 0.9515625 0.6828125 0.0953125 0.62109375
2 0.61640625 0.4390625 0.09140625 0.18359375
1 0.7828125 0.43828125 0.02109375 0.0296875
1 0.76484375 0.4375 0.0296875 0.0359375