2 0.146875 0.63359375 0.29375 0.7328125
2 0.334375 0.59921875 0.53125 0.8015625
2 0.678125 0.5859375 0.3078125 0.7734375
2 0.76953125 0.57421875 0.31875 0.7609375
2 0.58125 0.53671875 0.2546875 0.64375
1 0.61640625 0.265625 0.11875 0.1421875
1 0.53671875 0.253125 0.0921875 0.0875
1 0.3359375 0.26171875 0.2453125 0.209375
1 0.09140625 0.31640625 0.128125 0.121875
0 0.10625 0.54453125 0.2125 0.3109375
0 0.3671875 0.740625 0.384375 0.51875
0 0.55546875 0.46015625 0.178125 0.3015625
0 0.66875 0.5390625 0.234375 0.3859375
0 0.78828125 0.49609375 0.234375 0.378125