2 0.1296875 0.50625 0.259375 0.81875
2 0.2953125 0.54921875 0.54375 0.865625
2 0.62421875 0.6328125 0.3203125 0.734375
2 0.7125 0.65 0.33125 0.7
2 0.5578125 0.56796875 0.2640625 0.64375
1 0.7046875 0.3375 0.1203125 0.14375
1 0.6375 0.2921875 0.0921875 0.0890625
1 0.45234375 0.21484375 0.2484375 0.2125
1 0.20703125 0.1609375 0.1296875 0.1234375
0 0.12421875 0.37421875 0.215625 0.3125
0 0.26953125 0.6828125 0.3921875 0.5640625
0 0.5671875 0.4875 0.1828125 0.303125
0 0.63671875 0.60703125 0.240625 0.3875
0 0.76328125 0.61875 0.2390625 0.378125