2 0.10546875 0.59765625 0.1546875 0.8046875
2 0.31171875 0.59375 0.37265625 0.80234375
2 0.65625 0.62109375 0.153125 0.7578125
2 0.7484375 0.62890625 0.16875 0.7421875
2 0.571875 0.553125 0.12578125 0.63203125
1 0.6625 0.2953125 0.0953125 0.125
1 0.5875 0.26640625 0.078125 0.07265625
1 0.3890625 0.2328125 0.215625 0.16796875
1 0.13828125 0.23515625 0.109375 0.10078125
0 0.10546875 0.46171875 0.15625 0.284375
0 0.31640625 0.7296875 0.284375 0.5125
0 0.5625 0.47265625 0.121875 0.2828125
0 0.65703125 0.5734375 0.16328125 0.359375
0 0.7828125 0.55625 0.16484375 0.35078125