1 0.7875 0.5453125 0.3328125 0.4953125
1 0.94765625 0.5890625 0.1046875 0.425
1 0.084375 0.775 0.16875 0.353125
1 0.05390625 0.4515625 0.1078125 0.409375
1 0.59453125 0.84921875 0.2984375 0.3015625
1 0.83828125 0.86171875 0.2609375 0.2765625
1 0.89765625 0.21796875 0.2046875 0.3515625
1 0.6765625 0.18125 0.31875 0.35625
1 0.29921875 0.815625 0.303125 0.3421875
1 0.50390625 0.50390625 0.321875 0.465625
1 0.1609375 0.13828125 0.25625 0.2765625
1 0.209375 0.475 0.3171875 0.4640625
1 0.38984375 0.17421875 0.2953125 0.3484375