1 0.790625 0.5046875 0.27109375 0.46171875
1 0.96640625 0.52421875 0.0671875 0.4203125
1 0.0953125 0.83515625 0.190625 0.3296875
1 0.0390625 0.515625 0.078125 0.403125
1 0.6453125 0.84921875 0.259375 0.3015625
1 0.88984375 0.84375 0.2203125 0.3125
1 0.88671875 0.16171875 0.2265625 0.3234375
1 0.63046875 0.16015625 0.2765625 0.3203125
1 0.3453125 0.840625 0.2625 0.309375
1 0.5046875 0.503125 0.2640625 0.4328125
1 0.11015625 0.15859375 0.215625 0.3109375
1 0.20859375 0.515625 0.26015625 0.4328125
1 0.34453125 0.17734375 0.25 0.3484375