2 0.10078125 0.59453125 0.2015625 0.7515625
2 0.90078125 0.69375 0.1984375 0.6125
2 0.28984375 0.54765625 0.3328125 0.8875
2 0.41015625 0.6875 0.2 0.621875
1 0.49609375 0.65625 0.1328125 0.1796875
2 0.48359375 0.6609375 0.1328125 0.221875
2 0.6203125 0.6703125 0.321875 0.659375
2 0.55 0.68359375 0.16875 0.6328125
2 0.76875 0.75703125 0.1125 0.23125
2 0.83203125 0.65234375 0.1234375 0.3125
1 0.090625 0.33828125 0.171875 0.2015625
1 0.33671875 0.19140625 0.1671875 0.1875
1 0.4390625 0.4625 0.1875 0.2203125
1 0.57578125 0.484375 0.1015625 0.1421875
1 0.66015625 0.44609375 0.153125 0.184375
1 0.765625 0.7390625 0.096875 0.1328125
1 0.83671875 0.57734375 0.1265625 0.1390625
1 0.928125 0.4953125 0.14375 0.184375
0 0.25859375 0.75625 0.3828125 0.475
0 0.39453125 0.83671875 0.209375 0.325
0 0.58828125 0.83359375 0.2953125 0.3328125
0 0.84765625 0.86796875 0.2609375 0.2640625