2 0.1125 0.55625 0.225 0.759375
2 0.878125 0.71015625 0.24375 0.5796875
2 0.2859375 0.52890625 0.4046875 0.9
2 0.39375 0.67890625 0.25 0.6265625
1 0.48203125 0.65546875 0.1453125 0.1875
2 0.46953125 0.65859375 0.15 0.2296875
2 0.60390625 0.671875 0.3765625 0.65625
2 0.5328125 0.684375 0.221875 0.63125
2 0.7453125 0.7796875 0.13125 0.2375
2 0.8171875 0.68046875 0.1484375 0.3171875
1 0.10625 0.303125 0.1859375 0.2140625
1 0.3640625 0.17890625 0.1796875 0.1984375
1 0.4421875 0.45703125 0.203125 0.2328125
1 0.5765625 0.49140625 0.1125 0.1484375
1 0.6640625 0.46015625 0.1671875 0.1953125
1 0.74375 0.7609375 0.1078125 0.1375
1 0.82890625 0.60625 0.1375 0.146875
1 0.9234375 0.53359375 0.153125 0.1953125
0 0.2375 0.734375 0.4171875 0.5
0 0.365625 0.82578125 0.234375 0.3375
0 0.55703125 0.83203125 0.3203125 0.3359375
0 0.81328125 0.878125 0.2828125 0.24375