2 0.08984375 0.63046875 0.1796875 0.7390625
2 0.92265625 0.6765625 0.1515625 0.63828125
2 0.29453125 0.565625 0.2578125 0.86875
2 0.4265625 0.69453125 0.146875 0.6109375
1 0.509375 0.65625 0.11796875 0.1703125
2 0.49765625 0.66171875 0.11484375 0.21328125
2 0.63671875 0.6703125 0.265625 0.659375
2 0.56640625 0.68203125 0.11328125 0.63359375
2 0.78984375 0.7328125 0.09375 0.22421875
2 0.84375 0.62265625 0.096875 0.30546875
1 0.078125 0.37421875 0.15625 0.1890625
1 0.31015625 0.20703125 0.15234375 0.175
1 0.4359375 0.46796875 0.1703125 0.20625
1 0.57421875 0.478125 0.090625 0.13515625
1 0.6546875 0.43203125 0.1390625 0.1734375
1 0.78515625 0.71484375 0.08671875 0.125
1 0.8421875 0.54765625 0.11640625 0.12890625
1 0.93046875 0.45859375 0.1390625 0.1734375
0 0.28203125 0.7765625 0.3453125 0.446875
0 0.42421875 0.84453125 0.18359375 0.3109375
0 0.61796875 0.834375 0.2671875 0.33125
0 0.88125 0.85703125 0.2375 0.2859375