2 0.4828125 0.625 0.075 0.41796875
2 0.8296875 0.609375 0.1703125 0.66953125
2 0.7 0.60546875 0.12734375 0.54453125
2 0.61796875 0.61640625 0.09140625 0.47109375
2 0.24140625 0.621875 0.1203125 0.4203125
2 0.528125 0.61796875 0.10859375 0.5578125
1 0.69296875 0.3453125 0.0515625 0.0421875
1 0.5265625 0.353125 0.0453125 0.0421875
1 0.6109375 0.40234375 0.04609375 0.0421875
1 0.790625 0.30078125 0.06953125 0.05625
2 0.40703125 0.62265625 0.1046875 0.4265625
2 0.30546875 0.6171875 0.071875 0.38515625
2 0.3453125 0.62109375 0.0734375 0.38203125
1 0.4078125 0.42421875 0.03984375 0.0375
1 0.25390625 0.42265625 0.03984375 0.03359375
1 0.48984375 0.4078125 0.03984375 0.0328125
1 0.30703125 0.43515625 0.0328125 0.0296875
1 0.3578125 0.44453125 0.03359375 0.03046875
2 0.5234375 0.49375 0.103125 0.1734375