2 0.453125 0.6171875 0.1734375 0.4234375
2 0.79296875 0.6703125 0.3265625 0.659375
2 0.66875 0.65078125 0.2546875 0.559375
2 0.5859375 0.64140625 0.203125 0.4796875
2 0.21953125 0.55546875 0.21875 0.4375
2 0.4984375 0.62109375 0.240625 0.5671875
1 0.725 0.396875 0.0609375 0.053125
1 0.5609375 0.3640625 0.0546875 0.0515625
1 0.63125 0.43203125 0.0546875 0.0515625
1 0.83046875 0.37734375 0.08125 0.071875
2 0.38046875 0.596875 0.2046875 0.4390625
2 0.2828125 0.56640625 0.1625 0.390625
2 0.3203125 0.5796875 0.1640625 0.3890625
1 0.42890625 0.40390625 0.0484375 0.0453125
1 0.2796875 0.365625 0.046875 0.0421875
1 0.5125 0.4078125 0.046875 0.0421875
1 0.328125 0.390625 0.0390625 0.0375
1 0.37578125 0.41171875 0.040625 0.0375
2 0.52421875 0.49921875 0.1421875 0.19375