2 0.50703125 0.62578125 0.153125 0.425
2 0.84453125 0.54453125 0.2953125 0.6890625
2 0.71640625 0.565625 0.228125 0.559375
2 0.63828125 0.59140625 0.1796875 0.4796875
2 0.26953125 0.66875 0.1984375 0.4359375
2 0.55 0.61015625 0.2125 0.56875
1 0.66015625 0.31171875 0.059375 0.0515625
1 0.4984375 0.35078125 0.053125 0.05
1 0.590625 0.3828125 0.053125 0.05
1 0.74765625 0.24921875 0.0796875 0.06875
2 0.43203125 0.63828125 0.184375 0.4390625
2 0.33125 0.65234375 0.14375 0.3921875
2 0.37109375 0.6484375 0.1453125 0.3890625
1 0.3953125 0.44296875 0.046875 0.04375
1 0.24375 0.47109375 0.0453125 0.040625
1 0.47265625 0.41171875 0.0453125 0.0390625
1 0.2984375 0.4734375 0.0375 0.0359375
1 0.35 0.47265625 0.0390625 0.0359375
2 0.521875 0.4890625 0.134375 0.190625