2 0.31328125 0.41875 0.1328125 0.6390625
2 0.22578125 0.53671875 0.203125 0.9015625
1 0.60234375 0.1875 0.0859375 0.10703125
1 0.4484375 0.2265625 0.0703125 0.1078125
2 0.72109375 0.52734375 0.15234375 0.63359375
1 0.70859375 0.2296875 0.0984375 0.165625
1 0.23984375 0.16171875 0.1171875 0.13359375
1 0.32890625 0.1578125 0.0734375 0.11640625
0 0.73203125 0.54609375 0.134375 0.4390625
2 0.61015625 0.565625 0.14296875 0.85859375
2 0.44140625 0.5734375 0.14609375 0.825
1 0.6 0.2265625 0.084375 0.02734375
0 0.440625 0.540625 0.11796875 0.3828125
1 0.91875 0.35390625 0.03359375 0.0421875