2 0.31640625 0.4125 0.1546875 0.64375
2 0.225 0.52734375 0.234375 0.9078125
1 0.61328125 0.19140625 0.0890625 0.109375
1 0.4578125 0.225 0.0734375 0.1109375
2 0.7203125 0.53515625 0.175 0.6390625
1 0.71796875 0.2375 0.1046875 0.16875
1 0.2515625 0.153125 0.121875 0.1375
1 0.340625 0.15234375 0.078125 0.11875
0 0.73046875 0.55390625 0.15 0.44375
2 0.60703125 0.56875 0.1734375 0.8625
2 0.4390625 0.57109375 0.175 0.8296875
1 0.609375 0.23046875 0.0859375 0.0296875
0 0.4390625 0.53828125 0.13125 0.3859375
1 0.9234375 0.36875 0.034375 0.04375