2 0.33203125 0.384375 0.2515625 0.653125
2 0.2234375 0.48359375 0.371875 0.9234375
1 0.66015625 0.2125 0.1046875 0.121875
1 0.5015625 0.221875 0.0890625 0.11875
2 0.71171875 0.56875 0.2703125 0.6515625
1 0.75625 0.27421875 0.128125 0.18125
1 0.309375 0.11796875 0.140625 0.153125
1 0.39765625 0.13125 0.09375 0.128125
0 0.71875 0.58984375 0.215625 0.45625
2 0.59453125 0.575 0.3046875 0.85
2 0.428125 0.5609375 0.3015625 0.8375
1 0.65 0.25078125 0.0875 0.0421875
0 0.43359375 0.52890625 0.1890625 0.3984375
1 0.9390625 0.43671875 0.040625 0.0484375