2 0.584375 0.65625 0.596875 0.6875
2 0.24609375 0.58671875 0.471875 0.4828125
2 0.3296875 0.3828125 0.2375 0.240625
2 0.4796875 0.35625 0.2125 0.2
2 0.32890625 0.26328125 0.18125 0.19375
0 0.2328125 0.21640625 0.078125 0.06875
2 0.234375 0.2046875 0.121875 0.115625
1 0.2703125 0.40390625 0.125 0.1015625
1 0.4546875 0.38515625 0.14375 0.13125
0 0.365625 0.35390625 0.153125 0.1609375
1 0.42421875 0.28125 0.0890625 0.0953125
1 0.24921875 0.309375 0.0671875 0.0875
1 0.30234375 0.190625 0.0609375 0.065625
1 0.22109375 0.1796875 0.0453125 0.05
0 0.1796875 0.56875 0.29375 0.3
0 0.64921875 0.4890625 0.334375 0.290625
0 0.346875 0.25234375 0.096875 0.103125