2 0.61171875 0.665625 0.4984375 0.66796875
2 0.2625 0.62578125 0.41015625 0.42421875
2 0.31328125 0.4109375 0.20625 0.21171875
2 0.45703125 0.3609375 0.1875 0.1734375
2 0.29375 0.29296875 0.15625 0.171875
0 0.19140625 0.26171875 0.06953125 0.059375
2 0.19140625 0.25 0.1078125 0.09921875
1 0.2578125 0.44140625 0.1125 0.08515625
1 0.4375 0.39375 0.128125 0.11328125
0 0.34453125 0.3765625 0.13203125 0.1421875
1 0.390625 0.29609375 0.0765625 0.08359375
1 0.22265625 0.35078125 0.05546875 0.0796875
1 0.25625 0.225 0.05234375 0.05859375
1 0.17421875 0.22734375 0.03828125 0.0453125
0 0.19453125 0.61796875 0.25546875 0.2640625
0 0.6453125 0.465625 0.3 0.246875
0 0.31015625 0.2796875 0.08359375 0.090625