2 0.61171875 0.665625 0.4984375 0.66875
2 0.2625 0.62578125 0.409375 0.425
2 0.31328125 0.4109375 0.20625 0.2125
2 0.45703125 0.3609375 0.1875 0.1734375
2 0.29375 0.29296875 0.15625 0.171875
0 0.19140625 0.26171875 0.06875 0.059375
2 0.19140625 0.25 0.1078125 0.1
1 0.2578125 0.44140625 0.1125 0.084375
1 0.4375 0.39375 0.128125 0.1125
0 0.34453125 0.3765625 0.13125 0.1421875
1 0.390625 0.29609375 0.0765625 0.084375
1 0.22265625 0.35078125 0.05625 0.0796875
1 0.25625 0.225 0.053125 0.059375
1 0.17421875 0.22734375 0.0375 0.0453125
0 0.19453125 0.61796875 0.25625 0.2640625
0 0.6453125 0.465625 0.3 0.246875
0 0.31015625 0.2796875 0.084375 0.090625