2 0.359375 0.5203125 0.2765625 0.5390625
1 0.93515625 0.378125 0.1296875 0.16875
1 0.1765625 0.20234375 0.128125 0.1421875
1 0.56015625 0.2515625 0.171875 0.178125
1 0.30078125 0.29375 0.103125 0.1109375
1 0.72734375 0.36875 0.165625 0.171875
1 0.7984375 0.41171875 0.10625 0.14375
1 0.63359375 0.334375 0.075 0.084375
2 0.23203125 0.58828125 0.3140625 0.703125
2 0.69296875 0.64609375 0.4171875 0.7078125
2 0.8171875 0.63984375 0.365625 0.7203125
2 0.34453125 0.59921875 0.3484375 0.7359375
1 0.4390625 0.328125 0.0734375 0.1
2 0.1671875 0.51953125 0.334375 0.7890625
2 0.62265625 0.3984375 0.153125 0.2234375