2 0.36953125 0.55625 0.14765625 0.51796875
1 0.8984375 0.2671875 0.1171875 0.14375
1 0.11015625 0.29609375 0.10078125 0.1203125
1 0.49375 0.24453125 0.13828125 0.14765625
1 0.25390625 0.35234375 0.08203125 0.0921875
1 0.6859375 0.3140625 0.134375 0.14140625
1 0.765625 0.3375 0.075 0.12890625
1 0.5859375 0.30546875 0.05859375 0.071875
2 0.2640625 0.6546875 0.140625 0.690625
2 0.73359375 0.62578125 0.23203125 0.74296875
2 0.88671875 0.5984375 0.2265625 0.8
2 0.37578125 0.6359375 0.16796875 0.7171875
1 0.396875 0.35 0.05234375 0.0890625
2 0.13125 0.61875 0.25859375 0.746875
2 0.5921875 0.3703125 0.10390625 0.203125