2 0.365625 0.546875 0.1828125 0.5265625
1 0.9140625 0.2953125 0.1265625 0.1515625
1 0.125 0.26953125 0.109375 0.1265625
1 0.51171875 0.24453125 0.1484375 0.15625
1 0.26484375 0.33515625 0.0875 0.0984375
1 0.6984375 0.32734375 0.14375 0.15
1 0.7765625 0.35625 0.084375 0.134375
1 0.59921875 0.31171875 0.0640625 0.0765625
2 0.25390625 0.6375 0.1890625 0.6984375
2 0.72421875 0.63125 0.2828125 0.7375
2 0.86875 0.60859375 0.2625 0.7828125
2 0.36640625 0.6265625 0.2171875 0.7265625
1 0.4078125 0.34296875 0.0578125 0.0921875
2 0.1390625 0.5921875 0.278125 0.7625
2 0.60078125 0.37734375 0.1171875 0.209375