2 0.5375 0.615625 0.340625 0.76875
2 0.74375 0.703125 0.33125 0.59375
2 0.340625 0.51796875 0.4828125 0.9421875
2 0.09765625 0.5453125 0.1953125 0.734375
2 0.2203125 0.5671875 0.328125 0.7609375
1 0.78359375 0.4625 0.1140625 0.109375
2 0.646875 0.69765625 0.265625 0.6046875
2 0.09765625 0.33828125 0.1125 0.2203125
2 0.11953125 0.38125 0.084375 0.1265625
1 0.68046875 0.45703125 0.1328125 0.128125
1 0.634375 0.296875 0.1734375 0.14375
1 0.484375 0.16484375 0.2203125 0.2109375
1 0.31171875 0.290625 0.1515625 0.1640625
1 0.128125 0.36875 0.08125 0.0875
1 0.0921875 0.22578125 0.1109375 0.1390625
1 0.1078125 0.27421875 0.0609375 0.084375
0 0.046875 0.65703125 0.09375 0.4921875
0 0.3390625 0.66875 0.409375 0.634375
0 0.52890625 0.6890625 0.28125 0.521875
0 0.6453125 0.746875 0.196875 0.36875
0 0.7609375 0.7140625 0.2390625 0.3734375