2 0.5328125 0.615625 0.365625 0.76875
2 0.734375 0.70703125 0.35 0.5859375
2 0.33984375 0.5125 0.5109375 0.9453125
2 0.103125 0.5296875 0.20625 0.734375
2 0.21796875 0.5578125 0.3515625 0.7609375
1 0.784375 0.47265625 0.1171875 0.1109375
2 0.640625 0.7 0.284375 0.6
2 0.103125 0.32421875 0.1203125 0.221875
2 0.1234375 0.36796875 0.0875 0.128125
1 0.68125 0.46328125 0.1359375 0.13125
1 0.64140625 0.3015625 0.175 0.1484375
1 0.49609375 0.16484375 0.225 0.215625
1 0.31953125 0.284375 0.1546875 0.1671875
1 0.13359375 0.35625 0.084375 0.0890625
1 0.1015625 0.21171875 0.1140625 0.140625
1 0.115625 0.2609375 0.0625 0.0859375
0 0.0484375 0.63984375 0.096875 0.4921875
0 0.3328125 0.6625 0.4265625 0.640625
0 0.52265625 0.68984375 0.296875 0.5234375
0 0.63671875 0.7515625 0.2078125 0.3703125
0 0.753125 0.7234375 0.2484375 0.3765625