2 0.56328125 0.615625 0.18515625 0.76875
2 0.7875 0.68203125 0.203125 0.634375
2 0.34765625 0.55078125 0.30234375 0.8984375
2 0.071875 0.6375 0.1390625 0.721875
2 0.240625 0.62421875 0.178125 0.740625
1 0.76953125 0.4046875 0.09765625 0.090625
2 0.68828125 0.67421875 0.140625 0.6125
2 0.07265625 0.42578125 0.07109375 0.21015625
2 0.103125 0.46328125 0.0609375 0.11640625
1 0.6671875 0.4203125 0.1125 0.1078125
1 0.5890625 0.2734375 0.15234375 0.11484375
1 0.41484375 0.17578125 0.1875 0.175
1 0.27265625 0.334375 0.125 0.140625
1 0.109375 0.44921875 0.06796875 0.07421875
1 0.04375 0.31640625 0.0875 0.1234375
1 0.06953125 0.3609375 0.0453125 0.0765625
0 0.04453125 0.7578125 0.0890625 0.484375
0 0.37734375 0.6984375 0.29375 0.58671875
0 0.56796875 0.67890625 0.18203125 0.49453125
0 0.69375 0.7109375 0.1265625 0.35078125
0 0.8 0.65546875 0.1703125 0.3453125