2 0.4734375 0.51796875 0.17734375 0.84921875
2 0.28203125 0.4875 0.1828125 0.92421875
2 0.79765625 0.475 0.184375 0.9421875
2 0.6328125 0.4828125 0.16484375 0.92578125
2 0.1296875 0.246875 0.04765625 0.17890625
1 0.80078125 0.03125 0.08984375 0.0625
1 0.61328125 0.06640625 0.11796875 0.1078125
1 0.47890625 0.12265625 0.08828125 0.08359375
1 0.28046875 0.05859375 0.078125 0.08125
0 0.13125 0.22734375 0.05546875 0.08828125
1 0.12890625 0.1671875 0.02734375 0.0328125
0 0.81171875 0.29140625 0.19765625 0.309375
0 0.6265625 0.31640625 0.1734375 0.371875
0 0.45078125 0.36484375 0.175 0.33203125
0 0.27734375 0.34921875 0.19765625 0.35234375