2 0.47265625 0.51640625 0.221875 0.8578125
2 0.2828125 0.47578125 0.23125 0.9328125
2 0.7984375 0.490625 0.2328125 0.95
2 0.63359375 0.48984375 0.2125 0.9328125
2 0.14375 0.228125 0.05625 0.18125
1 0.825 0.04765625 0.09375 0.0671875
1 0.6359375 0.07265625 0.1234375 0.1140625
1 0.4984375 0.121875 0.0921875 0.0875
1 0.30390625 0.04765625 0.0828125 0.0859375
0 0.14609375 0.20859375 0.059375 0.090625
1 0.146875 0.1484375 0.0296875 0.034375
0 0.821875 0.3078125 0.2140625 0.31875
0 0.6359375 0.3234375 0.1921875 0.3796875
0 0.4578125 0.3625 0.1921875 0.340625
0 0.28515625 0.3375 0.215625 0.3625