2 0.4703125 0.51171875 0.3640625 0.8671875
2 0.28984375 0.4546875 0.3859375 0.909375
2 0.79453125 0.53125 0.3921875 0.9375
2 0.63359375 0.51328125 0.36875 0.9390625
2 0.19609375 0.1703125 0.0859375 0.184375
1 0.8984375 0.1109375 0.1015625 0.08125
1 0.7078125 0.103125 0.1390625 0.13125
1 0.5640625 0.12734375 0.1046875 0.1015625
1 0.384375 0.034375 0.09375 0.06875
0 0.20234375 0.1515625 0.0734375 0.0984375
1 0.21328125 0.0921875 0.034375 0.0375
0 0.85078125 0.3671875 0.2625 0.3453125
0 0.66484375 0.34921875 0.253125 0.4015625
0 0.4828125 0.35703125 0.2453125 0.3625
0 0.3171875 0.303125 0.271875 0.3875