2 0.1234375 0.8234375 0.18828125 0.35078125
2 0.265625 0.8046875 0.1640625 0.38125
2 0.565625 0.65546875 0.03359375 0.12578125
2 0.34375 0.671875 0.05625 0.14609375
2 0.54375 0.72890625 0.0734375 0.21015625
2 0.38125 0.66484375 0.0453125 0.1609375
2 0.4234375 0.6515625 0.0546875 0.13359375
2 0.03203125 0.7296875 0.059375 0.2265625
2 0.2140625 0.6921875 0.0703125 0.2
2 0.29296875 0.62890625 0.0328125 0.0640625
2 0.50625 0.70234375 0.05703125 0.29765625
2 0.15625 0.68671875 0.08203125 0.20078125
2 0.3171875 0.72890625 0.06953125 0.18828125
2 0.3359375 0.6046875 0.03828125 0.08359375
2 0.4359375 0.6125 0.03359375 0.0765625
0 0.50234375 0.690625 0.0453125 0.16953125
2 0.540625 0.60234375 0.015625 0.0390625
2 0.29140625 0.59296875 0.03359375 0.065625
2 0.9046875 0.73046875 0.184375 0.52890625
2 0.534375 0.6203125 0.02578125 0.07578125
2 0.57734375 0.6125 0.00859375 0.04453125
2 0.415625 0.5953125 0.0265625 0.05078125
2 0.30078125 0.66015625 0.02109375 0.046875
2 0.025 0.86953125 0.05 0.2609375