2 0.11796875 0.8171875 0.19375 0.3546875
2 0.26015625 0.80078125 0.1703125 0.384375
2 0.56328125 0.65625 0.0359375 0.1265625
2 0.340625 0.66875 0.059375 0.146875
2 0.53984375 0.7296875 0.0765625 0.2109375
2 0.378125 0.6625 0.0484375 0.1609375
2 0.42109375 0.65 0.05625 0.134375
2 0.0296875 0.721875 0.059375 0.228125
2 0.2109375 0.6875 0.0734375 0.2015625
2 0.290625 0.625 0.034375 0.0640625
2 0.50234375 0.70234375 0.0625 0.2984375
2 0.153125 0.68046875 0.0859375 0.2015625
2 0.31328125 0.72578125 0.0734375 0.1890625
2 0.334375 0.6015625 0.0390625 0.084375
2 0.43359375 0.61171875 0.034375 0.0765625
0 0.49921875 0.690625 0.0484375 0.1703125
2 0.5390625 0.603125 0.015625 0.0390625
2 0.28984375 0.5890625 0.034375 0.065625
2 0.9 0.73515625 0.19375 0.5296875
2 0.53203125 0.62109375 0.0265625 0.0765625
2 0.575 0.6140625 0.009375 0.0453125
2 0.4140625 0.59375 0.028125 0.0515625
2 0.29765625 0.65703125 0.021875 0.046875
2 0.02265625 0.8609375 0.0453125 0.2625