2 0.153125 0.8359375 0.21875 0.328125
2 0.2921875 0.81328125 0.196875 0.3734375
2 0.57890625 0.64921875 0.04375 0.128125
2 0.359375 0.68515625 0.06875 0.15
2 0.56328125 0.72421875 0.0921875 0.215625
2 0.39609375 0.67421875 0.059375 0.1640625
2 0.43671875 0.6578125 0.065625 0.1375
2 0.05390625 0.76953125 0.078125 0.23125
2 0.23203125 0.71640625 0.0875 0.2046875
2 0.3046875 0.64609375 0.0375 0.0671875
2 0.52421875 0.70078125 0.0828125 0.3015625
2 0.17421875 0.715625 0.0984375 0.2078125
2 0.3375 0.74375 0.0859375 0.19375
2 0.3453125 0.61875 0.0453125 0.0859375
2 0.44609375 0.61796875 0.040625 0.0796875
0 0.51875 0.68984375 0.059375 0.1734375
2 0.54921875 0.5984375 0.01875 0.040625
2 0.3 0.6109375 0.0390625 0.06875
2 0.90390625 0.69453125 0.1921875 0.5421875
2 0.54453125 0.6171875 0.0328125 0.078125
2 0.58671875 0.60546875 0.0125 0.0453125
2 0.42421875 0.60234375 0.03125 0.053125
2 0.315625 0.6765625 0.025 0.0484375
2 0.059375 0.88828125 0.071875 0.2234375