1 0.475 0.2046875 0.096875 0.096875
1 0.64296875 0.29296875 0.1 0.0984375
1 0.1109375 0.18671875 0.09375 0.103125
2 0.1671875 0.60859375 0.334375 0.7828125
1 0.8515625 0.25546875 0.1203125 0.1140625
1 0.30859375 0.328125 0.0921875 0.096875
2 0.54453125 0.609375 0.3359375 0.78125
2 0.35703125 0.68046875 0.2984375 0.6390625
0 0.3546875 0.653125 0.23125 0.3921875
2 0.86171875 0.61484375 0.2765625 0.6671875
2 0.72265625 0.6421875 0.2703125 0.6609375
0 0.72109375 0.65078125 0.2421875 0.4484375
1 0.64765625 0.33125 0.08125 0.0375
0 0.87734375 0.67109375 0.2453125 0.5203125
0 0.14375 0.51875 0.246875 0.45