1 0.459375 0.20625 0.1015625 0.1
1 0.63203125 0.2859375 0.103125 0.1015625
1 0.0953125 0.2078125 0.096875 0.10625
2 0.18125 0.6171875 0.3625 0.765625
1 0.83828125 0.2375 0.125 0.11875
1 0.3 0.33828125 0.0953125 0.1
2 0.54921875 0.6078125 0.3734375 0.784375
2 0.36796875 0.6828125 0.3296875 0.634375
0 0.36328125 0.6609375 0.2484375 0.396875
2 0.85703125 0.59296875 0.2859375 0.6734375
2 0.7296875 0.63046875 0.3015625 0.6625
0 0.728125 0.6390625 0.2625 0.453125
1 0.6390625 0.3234375 0.0828125 0.040625
0 0.87578125 0.64921875 0.2484375 0.5265625
0 0.1453125 0.5375 0.2671875 0.4546875