1 0.5265625 0.2046875 0.084375 0.08359375
1 0.6765625 0.32109375 0.08671875 0.084375
1 0.17109375 0.12421875 0.07890625 0.09140625
2 0.121875 0.584375 0.24375 0.83046875
1 0.8890625 0.3203125 0.10546875 0.09765625
1 0.34140625 0.29765625 0.07890625 0.084375
2 0.52421875 0.61875 0.20703125 0.7625
2 0.325 0.671875 0.1875 0.65625
0 0.33046875 0.62578125 0.16953125 0.36875
2 0.86796875 0.68125 0.23359375 0.63671875
2 0.69453125 0.67890625 0.1609375 0.6421875
0 0.69140625 0.68671875 0.1703125 0.42578125
1 0.675 0.359375 0.07890625 0.02421875
0 0.871875 0.73984375 0.22421875 0.48828125
0 0.14609375 0.45703125 0.17578125 0.42578125