2 0.2328125 0.6890625 0.22734375 0.6046875
2 0.39609375 0.7609375 0.16015625 0.478125
2 0.5421875 0.69140625 0.21640625 0.6109375
2 0.7640625 0.671875 0.240625 0.6390625
1 0.26484375 0.4390625 0.10078125 0.09921875
1 0.3953125 0.5546875 0.0921875 0.0953125
1 0.51875 0.4265625 0.1109375 0.0953125
1 0.74296875 0.40625 0.11328125 0.1078125
0 0.21953125 0.70703125 0.19765625 0.35078125
0 0.3984375 0.8265625 0.16640625 0.346875
0 0.54296875 0.70390625 0.19296875 0.33984375
0 0.7640625 0.75234375 0.2328125 0.425