2 0.81640625 0.5109375 0.3671875 0.840625
2 0.61796875 0.55 0.3875 0.865625
2 0.45078125 0.54375 0.4890625 0.9125
2 0.29296875 0.55703125 0.5359375 0.8859375
2 0.71015625 0.5671875 0.3375 0.7828125
1 0.17421875 0.23515625 0.1953125 0.2078125
1 0.33125 0.16953125 0.146875 0.1546875
1 0.50234375 0.20078125 0.14375 0.15
1 0.609375 0.2453125 0.1421875 0.1421875
1 0.72109375 0.15859375 0.1328125 0.11875
0 0.30546875 0.7453125 0.4078125 0.509375
0 0.46328125 0.66953125 0.421875 0.646875
0 0.71015625 0.58671875 0.2625 0.4484375