2 0.26953125 0.57265625 0.334375 0.790625
1 0.94375 0.3375 0.1125 0.175
1 0.18359375 0.06796875 0.1265625 0.128125
1 0.82421875 0.3296875 0.15 0.1625
1 0.678125 0.09609375 0.1078125 0.115625
1 0.29765625 0.05859375 0.1296875 0.1171875
1 0.36015625 0.19609375 0.14375 0.1578125
1 0.7375 0.234375 0.14375 0.165625
1 0.459375 0.05 0.125 0.1
1 0.51640625 0.15703125 0.1390625 0.1640625
1 0.8984375 0.21796875 0.1390625 0.15
1 0.64609375 0.24609375 0.1125 0.15625
2 0.25078125 0.221875 0.2453125 0.44375
1 0.5953125 0.115625 0.103125 0.1015625
2 0.425 0.546875 0.384375 0.90625
1 0.5375 0.05859375 0.0828125 0.08125
2 0.57421875 0.56796875 0.4765625 0.8640625
1 0.36875 0.09296875 0.0765625 0.0859375
1 0.37734375 0.03671875 0.0796875 0.0734375
2 0.83046875 0.1984375 0.1125 0.1734375
2 0.2296875 0.1109375 0.1 0.2078125
1 0.7984375 0.13828125 0.0765625 0.071875
1 0.23515625 0.040625 0.0609375 0.0734375
2 0.84140625 0.625 0.3171875 0.75
2 0.73671875 0.62734375 0.3390625 0.7453125
2 0.95390625 0.18203125 0.0921875 0.1703125
2 0.16796875 0.14765625 0.1375 0.1828125
2 0.58828125 0.2359375 0.1609375 0.334375
2 0.11953125 0.28828125 0.2390625 0.5765625
1 0.60078125 0.08125 0.084375 0.0703125
2 0.43671875 0.175 0.1796875 0.35
2 0.98671875 0.42890625 0.0265625 0.1671875