2 0.2734375 0.58515625 0.296875 0.7875
1 0.940625 0.3140625 0.11875 0.16875
1 0.16171875 0.08515625 0.121875 0.1234375
1 0.81484375 0.31328125 0.14375 0.15625
1 0.65625 0.0875 0.103125 0.1109375
1 0.27421875 0.0625 0.1234375 0.125
1 0.34453125 0.20390625 0.1375 0.153125
1 0.72265625 0.221875 0.1375 0.1609375
1 0.43515625 0.05078125 0.1203125 0.1015625
1 0.4984375 0.15625 0.1328125 0.159375
1 0.88359375 0.19765625 0.1328125 0.1453125
1 0.63203125 0.23828125 0.10625 0.1515625
2 0.23671875 0.22734375 0.2234375 0.4546875
1 0.575 0.11171875 0.1 0.0984375
2 0.4265625 0.55 0.340625 0.9
1 0.5140625 0.05703125 0.0796875 0.078125
2 0.57734375 0.56796875 0.4359375 0.8640625
1 0.34765625 0.10078125 0.0734375 0.084375
1 0.35390625 0.03984375 0.0765625 0.078125
2 0.8140625 0.18125 0.1046875 0.1703125
2 0.209375 0.12578125 0.0890625 0.20625
1 0.7796875 0.1234375 0.0734375 0.06875
1 0.21171875 0.05546875 0.059375 0.071875
2 0.85546875 0.61640625 0.2890625 0.7671875
2 0.74375 0.62265625 0.3 0.7546875
2 0.946875 0.15859375 0.10625 0.1671875
2 0.15 0.165625 0.1296875 0.1796875
2 0.575 0.23203125 0.1453125 0.3328125
2 0.10625 0.29765625 0.2125 0.5953125
1 0.578125 0.0765625 0.08125 0.0671875
2 0.41875 0.17578125 0.1625 0.3515625
2 0.98671875 0.403125 0.0265625 0.165625