2 0.2875 0.615625 0.19140625 0.76875
1 0.93046875 0.2515625 0.1390625 0.1515625
1 0.10703125 0.1359375 0.1078125 0.11015625
1 0.7859375 0.27109375 0.125 0.140625
1 0.59765625 0.06953125 0.08984375 0.1
1 0.21484375 0.09296875 0.1078125 0.1234375
1 0.3046875 0.228125 0.11953125 0.1375
1 0.68203125 0.19375 0.11875 0.14609375
1 0.371875 0.0546875 0.10703125 0.10703125
1 0.45078125 0.16015625 0.11328125 0.1453125
1 0.8375 0.146875 0.115625 0.13046875
1 0.59453125 0.22265625 0.0875 0.14140625
2 0.20078125 0.2625 0.16328125 0.4453125
1 0.5203125 0.1046875 0.08828125 0.08671875
2 0.43515625 0.56015625 0.2203125 0.8796875
1 0.45234375 0.059375 0.0703125 0.06953125
2 0.5890625 0.57109375 0.31953125 0.85703125
1 0.29375 0.12578125 0.06328125 0.07578125
1 0.29140625 0.06484375 0.06796875 0.06953125
2 0.76640625 0.140625 0.08359375 0.16015625
2 0.16015625 0.16953125 0.0625 0.2
1 0.72421875 0.08828125 0.065625 0.0609375
1 0.15234375 0.1 0.05 0.065625
2 0.8875 0.59296875 0.20859375 0.803125
2 0.76171875 0.6078125 0.19375 0.7765625
2 0.8984375 0.09921875 0.0921875 0.15546875
2 0.10703125 0.2171875 0.1078125 0.165625
2 0.53671875 0.22421875 0.1015625 0.32109375
2 0.07421875 0.34375 0.1421875 0.60625
1 0.51875 0.06953125 0.07421875 0.05703125
2 0.3734375 0.18203125 0.1140625 0.35625
2 0.98359375 0.334375 0.0328125 0.16328125