2 0.82109375 0.56328125 0.2640625 0.83125
2 0.60859375 0.56796875 0.2625 0.8578125
2 0.440625 0.54453125 0.35625 0.9109375
2 0.28046875 0.54765625 0.4046875 0.9046875
2 0.696875 0.59921875 0.221875 0.7796875
1 0.21953125 0.1875 0.171875 0.1875
1 0.38515625 0.146875 0.1296875 0.1390625
1 0.54921875 0.2046875 0.1265625 0.134375
1 0.6484375 0.265625 0.128125 0.1265625
1 0.771875 0.196875 0.1203125 0.103125
0 0.26328125 0.73671875 0.3359375 0.5265625
0 0.4375 0.66171875 0.3375 0.61875
0 0.69375 0.61875 0.203125 0.4328125