2 0.8140625 0.590625 0.19375 0.81796875
2 0.60234375 0.57734375 0.1890625 0.8453125
2 0.4375 0.54609375 0.278125 0.903125
2 0.27578125 0.54375 0.32578125 0.91171875
2 0.6875 0.615625 0.15546875 0.76875
1 0.24765625 0.1640625 0.1578125 0.175
1 0.41640625 0.13828125 0.11953125 0.12890625
1 0.575 0.21015625 0.11640625 0.125
1 0.66796875 0.2796875 0.11796875 0.11640625
1 0.796875 0.221875 0.11328125 0.09375
0 0.24375 0.72265625 0.29140625 0.51953125
0 0.4234375 0.65546875 0.28671875 0.5953125
0 0.6828125 0.63515625 0.16640625 0.4203125