2 0.27890625 0.55625 0.1796875 0.8875
0 0.28515625 0.45703125 0.1484375 0.34375
0 0.60859375 0.446875 0.15546875 0.34921875
2 0.6046875 0.559375 0.2125 0.86484375
2 0.42734375 0.23046875 0.0421875 0.290625
2 0.9453125 0.284375 0.04609375 0.24453125
2 0.18984375 0.51328125 0.09296875 0.56640625
2 0.80625 0.27890625 0.07421875 0.265625
2 0.096875 0.57890625 0.19140625 0.82890625
2 0.56953125 0.22421875 0.0390625 0.13359375
2 0.98046875 0.27109375 0.03828125 0.2703125
2 0.18046875 0.17734375 0.04921875 0.184375