1 0.29921875 0.3203125 0.11484375 0.1234375
1 0.7171875 0.284375 0.09921875 0.11953125
1 0.375 0.2078125 0.11015625 0.08359375
1 0.6390625 0.2328125 0.07890625 0.09921875
1 0.14296875 0.34453125 0.11484375 0.13984375
2 0.26953125 0.625 0.17734375 0.73125
2 0.61875 0.4921875 0.17578125 0.5828125
2 0.36328125 0.5203125 0.16640625 0.66875
2 0.4671875 0.5 0.128125 0.56953125
2 0.725 0.6125 0.2671875 0.7546875
2 0.13828125 0.6359375 0.1921875 0.7046875
2 0.8671875 0.64609375 0.259375 0.69140625
2 0.334375 0.50234375 0.1203125 0.28046875