1 0.3296875 0.29140625 0.1328125 0.140625
1 0.7484375 0.32109375 0.1171875 0.1328125
1 0.421875 0.1921875 0.121875 0.1
1 0.67890625 0.2578125 0.09375 0.1109375
1 0.171875 0.290625 0.1359375 0.15625
2 0.253125 0.5875 0.2890625 0.75
2 0.61875 0.5109375 0.2640625 0.603125
2 0.36171875 0.4984375 0.26875 0.6859375
2 0.46796875 0.49453125 0.215625 0.5828125
2 0.7046875 0.62578125 0.38125 0.7484375
2 0.13515625 0.57734375 0.2703125 0.7265625
2 0.82890625 0.66953125 0.3421875 0.6609375
2 0.3359375 0.4765625 0.1625 0.2953125