1 0.259375 0.378125 0.1421875 0.1484375
1 0.65390625 0.23515625 0.1265625 0.140625
1 0.30390625 0.25 0.128125 0.109375
1 0.56484375 0.20625 0.1015625 0.115625
1 0.11484375 0.4421875 0.146875 0.1640625
2 0.30859375 0.65234375 0.3609375 0.6953125
2 0.6125 0.46171875 0.3203125 0.6078125
2 0.3734375 0.5546875 0.334375 0.6890625
2 0.46796875 0.50859375 0.271875 0.5828125
2 0.74609375 0.55078125 0.453125 0.7984375
2 0.1859375 0.6796875 0.36875 0.640625
2 0.83828125 0.5453125 0.3234375 0.734375
2 0.340625 0.5453125 0.1890625 0.3015625