2 0.971875 0.67578125 0.05625 0.6484375
1 0.4921875 0.3625 0.0453125 0.0375
1 0.60078125 0.35234375 0.05703125 0.04765625
1 0.384375 0.38984375 0.05546875 0.0515625
1 0.2984375 0.34609375 0.0453125 0.03515625
1 0.665625 0.3890625 0.04921875 0.0453125
2 0.36640625 0.51171875 0.0953125 0.2859375
2 0.8828125 0.63984375 0.19453125 0.665625
2 0.56171875 0.525 0.06171875 0.31328125
1 0.5296875 0.3984375 0.0421875 0.02890625
2 0.484375 0.5109375 0.09453125 0.33046875
1 0.565625 0.37109375 0.03203125 0.034375
1 0.83828125 0.33828125 0.075 0.0859375
2 0.2953125 0.49375 0.09140625 0.31796875
2 0.67109375 0.52890625 0.07890625 0.3265625
2 0.62265625 0.51484375 0.1078125 0.3640625
2 0.07109375 0.48125 0.0515625 0.16328125
2 0.6671875 0.43515625 0.053125 0.13125
1 0.9734375 0.31875 0.053125 0.08125
2 0.71640625 0.46875 0.06484375 0.11796875