2 0.44375 0.52578125 0.30703125 0.946875
2 0.87578125 0.56875 0.24765625 0.86171875
2 0.1546875 0.515625 0.309375 0.96875
2 0.71796875 0.51484375 0.27421875 0.9703125
1 0.12109375 0.09296875 0.18046875 0.16015625
1 0.44375 0.109375 0.15234375 0.14765625
1 0.72265625 0.0859375 0.16171875 0.1265625
1 0.88671875 0.19921875 0.15625 0.14375
0 0.1453125 0.44296875 0.290625 0.4640625
0 0.4453125 0.51015625 0.28515625 0.47421875
0 0.884375 0.56640625 0.23125 0.47578125
0 0.76875 0.41171875 0.23828125 0.44921875