2 0.9703125 0.6671875 0.059375 0.65
1 0.48984375 0.3625 0.0453125 0.0390625
1 0.5984375 0.35078125 0.0578125 0.0484375
1 0.3828125 0.3921875 0.05625 0.053125
1 0.29609375 0.35 0.0453125 0.0359375
1 0.66328125 0.3859375 0.05 0.046875
2 0.36640625 0.5140625 0.1 0.2875
2 0.88515625 0.6328125 0.20625 0.66875
2 0.5625 0.52421875 0.0671875 0.3140625
1 0.528125 0.39765625 0.0421875 0.0296875
2 0.484375 0.5109375 0.1 0.3328125
1 0.56328125 0.3703125 0.0328125 0.034375
1 0.83515625 0.33203125 0.0765625 0.0875
2 0.2953125 0.49765625 0.096875 0.31875
2 0.671875 0.52578125 0.084375 0.328125
2 0.62265625 0.5125 0.1140625 0.365625
2 0.07109375 0.4890625 0.0546875 0.1640625
2 0.66640625 0.43203125 0.0546875 0.1328125
1 0.9703125 0.31015625 0.0546875 0.0828125
2 0.715625 0.46484375 0.0671875 0.11875