2 0.953125 0.5828125 0.09375 0.646875
1 0.46640625 0.36640625 0.0515625 0.0453125
1 0.57109375 0.3359375 0.065625 0.0578125
1 0.365625 0.4140625 0.0640625 0.0609375
1 0.27265625 0.3875 0.0515625 0.04375
1 0.64140625 0.359375 0.05625 0.053125
2 0.37109375 0.53671875 0.1484375 0.2984375
2 0.871875 0.5640625 0.25625 0.690625
2 0.565625 0.5125 0.1203125 0.31875
1 0.509375 0.39453125 0.046875 0.0359375
2 0.48671875 0.5140625 0.15625 0.3421875
1 0.53984375 0.3609375 0.0375 0.040625
1 0.8015625 0.2765625 0.090625 0.0984375
2 0.29765625 0.5328125 0.15 0.3296875
2 0.6734375 0.49609375 0.1390625 0.3359375
2 0.6234375 0.49140625 0.175 0.378125
2 0.07578125 0.56328125 0.08125 0.1703125
2 0.6515625 0.4046875 0.0765625 0.1390625
1 0.93046875 0.23203125 0.0671875 0.090625
2 0.70625 0.428125 0.0859375 0.128125