2 0.303125 0.7328125 0.1046875 0.2359375
2 0.98984375 0.6015625 0.0203125 0.153125
2 0.8640625 0.65 0.025 0.053125
0 0.55078125 0.5265625 0.125 0.2125
0 0.43203125 0.584375 0.1234375 0.1984375
2 0.3390625 0.7390625 0.075 0.203125
2 0.5796875 0.65625 0.2625 0.6609375
2 0.45859375 0.70703125 0.23125 0.584375
2 0.9421875 0.5921875 0.115625 0.328125
2 0.3625 0.7171875 0.10625 0.253125
2 0.7140625 0.67421875 0.028125 0.059375
2 0.5453125 0.70546875 0.034375 0.084375
2 0.07890625 0.77421875 0.0359375 0.0703125
2 0.77109375 0.67421875 0.0265625 0.04375
2 0.140625 0.7671875 0.034375 0.0671875
2 0.0984375 0.77109375 0.0375 0.0734375
2 0.24921875 0.7515625 0.0296875 0.0578125
2 0.50234375 0.68828125 0.025 0.0578125
2 0.2125 0.7328125 0.0234375 0.046875
2 0.7875 0.67109375 0.0234375 0.0421875
2 0.67578125 0.68359375 0.025 0.053125
2 0.1171875 0.746875 0.021875 0.04375
2 0.84765625 0.65234375 0.028125 0.059375
2 0.65859375 0.65390625 0.0265625 0.0546875
2 0.0609375 0.76015625 0.025 0.0484375
2 0.90703125 0.61640625 0.01875 0.040625
2 0.63203125 0.65859375 0.025 0.0515625