2 0.3109375 0.73984375 0.1109375 0.234375
2 0.98984375 0.584375 0.0203125 0.153125
2 0.86953125 0.6375 0.0265625 0.053125
0 0.55234375 0.525 0.13125 0.2140625
0 0.43515625 0.58671875 0.1296875 0.2
2 0.346875 0.74453125 0.0828125 0.2015625
2 0.58515625 0.65390625 0.2828125 0.659375
2 0.465625 0.7078125 0.25 0.5828125
2 0.94140625 0.57578125 0.1171875 0.3296875
2 0.3703125 0.721875 0.1140625 0.253125
2 0.7203125 0.66640625 0.03125 0.059375
2 0.55234375 0.70390625 0.0375 0.084375
2 0.0890625 0.7890625 0.0390625 0.0703125
2 0.77734375 0.6640625 0.028125 0.04375
2 0.15 0.7796875 0.0359375 0.0671875
2 0.1078125 0.784375 0.040625 0.0734375
2 0.25859375 0.76015625 0.03125 0.0578125
2 0.509375 0.68828125 0.028125 0.0578125
2 0.2203125 0.74296875 0.025 0.046875
2 0.79296875 0.6609375 0.025 0.0421875
2 0.68203125 0.67734375 0.0265625 0.053125
2 0.12578125 0.76015625 0.0234375 0.04375
2 0.853125 0.63984375 0.03125 0.059375
2 0.66328125 0.6484375 0.028125 0.0546875
2 0.0703125 0.775 0.0265625 0.0484375
2 0.9109375 0.6015625 0.0203125 0.040625
2 0.6375 0.65390625 0.0265625 0.0515625