2 0.25546875 0.6828125 0.05390625 0.22890625
2 0.97421875 0.7140625 0.0265625 0.1515625
2 0.82109375 0.728125 0.01328125 0.0515625
0 0.54375 0.5375 0.08203125 0.19921875
0 0.41484375 0.5671875 0.084375 0.184375
2 0.2890625 0.696875 0.03125 0.20078125
2 0.5421875 0.6703125 0.11875 0.6515625
2 0.41328125 0.6921875 0.10390625 0.57578125
2 0.93046875 0.69453125 0.0875 0.3171875
2 0.3171875 0.68046875 0.0515625 0.2484375
2 0.66953125 0.71796875 0.01640625 0.05703125
2 0.49765625 0.71015625 0.015625 0.08359375
2 0.028125 0.67265625 0.021875 0.0671875
2 0.725 0.73046875 0.01796875 0.040625
2 0.08984375 0.6796875 0.0203125 0.06484375
2 0.04765625 0.6734375 0.02265625 0.06953125
2 0.19921875 0.6890625 0.0171875 0.0546875
2 0.46015625 0.684375 0.01328125 0.05703125
2 0.1671875 0.6625 0.01328125 0.04453125
2 0.74140625 0.73125 0.015625 0.03984375
2 0.6296875 0.71875 0.01328125 0.05078125
2 0.07109375 0.6546875 0.01328125 0.0421875
2 0.8046875 0.7265625 0.01640625 0.05703125
2 0.61953125 0.6859375 0.01484375 0.053125
2 0.0140625 0.6546875 0.01484375 0.04609375
2 0.8703125 0.7046875 0.01015625 0.03984375
2 0.59296875 0.684375 0.01484375 0.05