2 0.31015625 0.6125 0.18984375 0.7703125
2 0.88984375 0.61015625 0.2203125 0.7796875
0 0.88359375 0.52265625 0.20078125 0.371875
1 0.33984375 0.25703125 0.08515625 0.08125
2 0.65546875 0.5765625 0.23046875 0.83828125
2 0.12890625 0.60703125 0.2359375 0.7859375
1 0.14375 0.25078125 0.09375 0.08515625
1 0.65390625 0.1875 0.08828125 0.08515625
1 0.8984375 0.203125 0.11015625 0.10234375
2 0.465625 0.62421875 0.17265625 0.73515625
0 0.13671875 0.5515625 0.2046875 0.37109375
0 0.321875 0.51796875 0.16640625 0.28515625
0 0.65234375 0.48359375 0.1703125 0.328125