2 0.33515625 0.625 0.3328125 0.75
2 0.86015625 0.53359375 0.2796875 0.8078125
0 0.8734375 0.4484375 0.253125 0.403125
1 0.29609375 0.2921875 0.0984375 0.0953125
2 0.6671875 0.5453125 0.3859375 0.8671875
2 0.1734375 0.63359375 0.346875 0.7328125
1 0.103125 0.3234375 0.1078125 0.1015625
1 0.59140625 0.1640625 0.103125 0.1
1 0.834375 0.1328125 0.128125 0.121875
2 0.4890625 0.625 0.309375 0.75
0 0.153125 0.6203125 0.271875 0.403125
0 0.32890625 0.5515625 0.2171875 0.3109375
0 0.64609375 0.4546875 0.2296875 0.3546875