2 0.32421875 0.6203125 0.2828125 0.759375
2 0.87109375 0.5609375 0.2578125 0.8
0 0.88046875 0.475 0.2390625 0.39375
1 0.31171875 0.278125 0.09375 0.090625
2 0.66328125 0.55703125 0.33125 0.859375
2 0.1546875 0.6234375 0.309375 0.753125
1 0.11640625 0.29609375 0.103125 0.0953125
1 0.61484375 0.17109375 0.0984375 0.0953125
1 0.859375 0.15703125 0.121875 0.115625
2 0.48046875 0.62578125 0.2609375 0.7484375
0 0.14609375 0.5953125 0.2484375 0.39375
0 0.32578125 0.53984375 0.2 0.303125
0 0.64921875 0.46484375 0.209375 0.346875