2 0.84375 0.2890625 0.1609375 0.4953125
2 0.95234375 0.27890625 0.0953125 0.4609375
1 0.078125 0.0890625 0.10625 0.1
1 0.415625 0.046875 0.0734375 0.084375
1 0.690625 0.07578125 0.06875 0.0875
1 0.01796875 0.0828125 0.0359375 0.071875
1 0.56328125 0.04453125 0.0546875 0.065625
1 0.17578125 0.1484375 0.1140625 0.178125
1 0.63828125 0.084375 0.0390625 0.053125
1 0.91171875 0.04453125 0.034375 0.0390625
2 0.03984375 0.21328125 0.0796875 0.3203125
2 0.1578125 0.51796875 0.315625 0.9640625
2 0.2453125 0.34765625 0.2390625 0.603125
2 0.621875 0.525 0.265625 0.9046875
2 0.740625 0.4765625 0.23125 0.8640625
2 0.45859375 0.50546875 0.2828125 0.9890625
2 0.64765625 0.1453125 0.0625 0.16875
1 0.19921875 0.103125 0.05625 0.109375
1 0.596875 0.03515625 0.046875 0.0703125
2 0.5796875 0.16875 0.1703125 0.3015625