2 0.8640625 0.32578125 0.11015625 0.48671875
2 0.975 0.328125 0.05 0.45859375
1 0.1234375 0.046875 0.096875 0.08984375
1 0.46328125 0.040625 0.065625 0.07734375
1 0.73359375 0.09765625 0.0609375 0.08203125
1 0.0453125 0.0328125 0.06875 0.065625
1 0.61015625 0.05390625 0.04921875 0.06015625
1 0.2140625 0.11640625 0.09609375 0.16953125
1 0.68125 0.10078125 0.03359375 0.04921875
1 0.95703125 0.08984375 0.03125 0.03671875
2 0.04921875 0.1640625 0.09375 0.3125
2 0.140625 0.49921875 0.24765625 0.98125
2 0.2625 0.321875 0.17890625 0.5875
2 0.61875 0.5375 0.17421875 0.890625
2 0.74140625 0.5015625 0.14296875 0.85390625
2 0.45859375 0.5015625 0.18203125 0.97578125
2 0.68359375 0.1625 0.0453125 0.16484375
1 0.2421875 0.07421875 0.04609375 0.10546875
1 0.64609375 0.04609375 0.0390625 0.0703125
2 0.6140625 0.17890625 0.140625 0.2890625