2 0.8546875 0.30703125 0.1359375 0.4921875
2 0.9640625 0.30234375 0.071875 0.4609375
1 0.1 0.0671875 0.1015625 0.0953125
1 0.4390625 0.04296875 0.0703125 0.08125
1 0.7125 0.0859375 0.065625 0.084375
1 0.02890625 0.05625 0.0578125 0.06875
1 0.58671875 0.0484375 0.0515625 0.0625
1 0.19453125 0.13203125 0.1046875 0.175
1 0.66015625 0.0921875 0.0359375 0.0515625
1 0.93515625 0.06640625 0.0328125 0.0390625
2 0.04296875 0.18828125 0.0859375 0.3171875
2 0.1453125 0.5109375 0.290625 0.978125
2 0.253125 0.334375 0.209375 0.5953125
2 0.6203125 0.53125 0.2203125 0.8984375
2 0.74140625 0.4890625 0.1875 0.8609375
2 0.45859375 0.50390625 0.2328125 0.984375
2 0.665625 0.153125 0.053125 0.1671875
1 0.2203125 0.08828125 0.0515625 0.1078125
1 0.621875 0.0390625 0.0421875 0.071875
2 0.596875 0.1734375 0.15625 0.2953125