2 0.15859375 0.40546875 0.2796875 0.8109375
2 0.340625 0.28203125 0.16875 0.478125
2 0.53828125 0.2453125 0.0890625 0.2296875
2 0.72421875 0.4 0.3390625 0.684375
2 0.84140625 0.42734375 0.15625 0.1734375
2 0.97890625 0.29453125 0.0421875 0.1328125
1 0.22734375 0.0421875 0.1140625 0.084375
1 0.3609375 0.08359375 0.065625 0.065625
0 0.54140625 0.20546875 0.0625 0.084375
1 0.54140625 0.1390625 0.034375 0.0328125
1 0.99296875 0.24140625 0.0140625 0.0296875
1 0.753125 0.1078125 0.1078125 0.0859375
0 0.18515625 0.26328125 0.196875 0.3375
0 0.34921875 0.2234375 0.134375 0.1921875
0 0.73203125 0.3015625 0.13125 0.2375
0 0.85625 0.43671875 0.103125 0.146875
1 0.79921875 0.37421875 0.0359375 0.0515625