2 0.15 0.425 0.19375 0.8296875
2 0.31875 0.3 0.1203125 0.46796875
2 0.51171875 0.24296875 0.06640625 0.2234375
2 0.7125 0.37734375 0.27109375 0.66015625
2 0.83203125 0.3921875 0.140625 0.159375
2 0.96484375 0.2453125 0.05 0.12890625
1 0.1796875 0.06171875 0.10390625 0.09765625
1 0.31796875 0.10078125 0.059375 0.059375
0 0.51015625 0.203125 0.05390625 0.0796875
1 0.503125 0.13671875 0.03125 0.0296875
1 0.97265625 0.19140625 0.0296875 0.02734375
1 0.7109375 0.08359375 0.10078125 0.0765625
0 0.1625 0.29765625 0.16328125 0.32265625
0 0.32109375 0.240625 0.11640625 0.18046875
0 0.71015625 0.278125 0.1078125 0.22734375
0 0.84765625 0.4 0.08984375 0.1375
1 0.784375 0.34375 0.03125 0.0484375