2 0.1453125 0.4671875 0.290625 0.846875
2 0.29609375 0.3234375 0.1765625 0.4796875
2 0.48046875 0.24375 0.09375 0.2296875
2 0.69609375 0.35234375 0.35 0.6875
2 0.81640625 0.35234375 0.159375 0.175
2 0.93046875 0.190625 0.065625 0.134375
1 0.12890625 0.10390625 0.115625 0.109375
1 0.2703125 0.12578125 0.065625 0.065625
0 0.47421875 0.20390625 0.0625 0.0859375
1 0.45859375 0.1390625 0.034375 0.0328125
1 0.93125 0.1359375 0.0328125 0.03125
1 0.65859375 0.0609375 0.109375 0.0875
0 0.140625 0.340625 0.2015625 0.340625
0 0.290625 0.2640625 0.1375 0.19375
0 0.68125 0.25390625 0.134375 0.2390625
0 0.8328125 0.35859375 0.10625 0.146875
1 0.76328125 0.31015625 0.0375 0.0515625