2 0.93515625 0.60625 0.1296875 0.634375
2 0.86484375 0.6203125 0.2703125 0.65
2 0.23359375 0.584375 0.4671875 0.83125
2 0.81171875 0.4140625 0.10625 0.153125
2 0.728125 0.59609375 0.3171875 0.7515625
1 0.20859375 0.2484375 0.171875 0.1859375
1 0.68203125 0.25546875 0.1015625 0.0953125
1 0.5046875 0.365625 0.121875 0.109375
1 0.09140625 0.334375 0.13125 0.1125
1 0.80546875 0.3484375 0.0890625 0.0828125
2 0.62109375 0.4296875 0.125 0.2234375
1 0.6140625 0.3515625 0.0703125 0.0671875
2 0.41875 0.49375 0.15 0.284375
1 0.87109375 0.3421875 0.0734375 0.0734375
1 0.9265625 0.31875 0.06875 0.065625
2 0.11171875 0.4765625 0.2234375 0.40625
1 0.30546875 0.41640625 0.078125 0.078125
2 0.58671875 0.425 0.0671875 0.128125
1 0.39609375 0.3890625 0.06875 0.0640625
2 0.34296875 0.50859375 0.1515625 0.2828125
1 0.578125 0.38671875 0.0390625 0.0515625
2 0.72421875 0.37578125 0.05625 0.084375
2 0.83203125 0.41953125 0.1671875 0.23125
2 0.5484375 0.6625 0.38125 0.675