2 0.9484375 0.68671875 0.1 0.62578125
2 0.8546875 0.684375 0.196875 0.625
2 0.19375 0.57109375 0.36953125 0.8578125
2 0.821875 0.46953125 0.08359375 0.140625
2 0.7078125 0.634375 0.19296875 0.72890625
1 0.25703125 0.2015625 0.14609375 0.16328125
1 0.721875 0.290625 0.0890625 0.08046875
1 0.528125 0.36875 0.10703125 0.09296875
1 0.1265625 0.265625 0.1171875 0.09375
1 0.82734375 0.40390625 0.07734375 0.0703125
2 0.63125 0.4515625 0.08984375 0.21171875
1 0.63828125 0.3734375 0.06171875 0.05703125
2 0.42109375 0.4796875 0.10390625 0.2703125
1 0.89296875 0.409375 0.0640625 0.0640625
1 0.9515625 0.3953125 0.059375 0.05546875
2 0.10703125 0.40703125 0.19140625 0.378125
1 0.32265625 0.38359375 0.0671875 0.06796875
2 0.5984375 0.44140625 0.04765625 0.12109375
1 0.4171875 0.37265625 0.06015625 0.0546875
2 0.34375 0.48125 0.10703125 0.26875
1 0.596875 0.40234375 0.03203125 0.04609375
2 0.7421875 0.41640625 0.04375 0.07734375
2 0.840625 0.478125 0.1328125 0.21171875
2 0.51875 0.67265625 0.27421875 0.64375