2 0.93984375 0.69375 0.1203125 0.6125
2 0.846875 0.690625 0.21875 0.61875
2 0.1953125 0.56015625 0.390625 0.8703125
2 0.82265625 0.48046875 0.0890625 0.14375
2 0.703125 0.63671875 0.21875 0.7265625
1 0.26796875 0.19296875 0.1515625 0.16875
1 0.72890625 0.2984375 0.0921875 0.0828125
1 0.5328125 0.36953125 0.1109375 0.096875
1 0.13515625 0.253125 0.1203125 0.0984375
1 0.83046875 0.415625 0.0796875 0.0734375
2 0.6328125 0.45625 0.096875 0.2140625
1 0.64296875 0.378125 0.0640625 0.059375
2 0.421875 0.4765625 0.1125 0.2734375
1 0.89609375 0.4234375 0.065625 0.065625
1 0.9546875 0.4109375 0.0609375 0.0578125
2 0.11015625 0.39375 0.2046875 0.384375
1 0.3265625 0.37734375 0.06875 0.0703125
2 0.60078125 0.44453125 0.0515625 0.1234375
1 0.421875 0.36953125 0.0625 0.05625
2 0.34453125 0.47578125 0.115625 0.271875
1 0.6 0.40546875 0.034375 0.046875
2 0.7453125 0.425 0.046875 0.078125
2 0.84140625 0.48984375 0.140625 0.215625
2 0.5125 0.6734375 0.296875 0.653125