2 0.28671875 0.496875 0.1203125 0.25
1 0.25 0.36796875 0.0375 0.040625
2 0.30859375 0.7359375 0.2109375 0.3625
1 0.94765625 0.29921875 0.0453125 0.046875
2 0.3890625 0.48359375 0.1296875 0.3265625
2 0.2109375 0.3828125 0.0875 0.1796875
2 0.45625 0.27265625 0.059375 0.0765625
2 0.3046875 0.4421875 0.1125 0.2734375
2 0.53359375 0.290625 0.0765625 0.090625
2 0.24453125 0.35703125 0.06875 0.1296875
2 0.609375 0.2953125 0.071875 0.1
2 0.240625 0.56640625 0.121875 0.175
2 0.7578125 0.29921875 0.0734375 0.140625
2 0.47421875 0.5375 0.165625 0.384375
2 0.93984375 0.4078125 0.1203125 0.253125
2 0.4359375 0.77734375 0.228125 0.4453125
2 0.80234375 0.31875 0.1046875 0.1734375
2 0.6828125 0.31171875 0.0828125 0.1109375
2 0.86953125 0.271875 0.1109375 0.196875
2 0.646875 0.29375 0.0625 0.103125
2 0.5546875 0.57890625 0.1921875 0.428125
2 0.7390625 0.61015625 0.2859375 0.5421875
2 0.6609375 0.23984375 0.0609375 0.0890625
1 0.44140625 0.36328125 0.046875 0.04375
1 0.92421875 0.29375 0.0515625 0.0546875
1 0.74140625 0.253125 0.0359375 0.040625
1 0.67421875 0.2875 0.040625 0.0421875
2 0.42734375 0.27109375 0.0421875 0.065625
2 0.3765625 0.8984375 0.28125 0.203125
1 0.37734375 0.6171875 0.0984375 0.1046875
1 0.77421875 0.2578125 0.0453125 0.04375
1 0.28671875 0.89921875 0.1265625 0.134375
1 0.64765625 0.19140625 0.0203125 0.025
1 0.50390625 0.3875 0.04375 0.040625
2 0.63984375 0.25390625 0.0421875 0.059375
1 0.69921875 0.37265625 0.0640625 0.065625