2 0.29375 0.4453125 0.071875 0.2421875
1 0.2890625 0.3109375 0.0296875 0.0359375
2 0.25703125 0.6828125 0.14375 0.34375
1 0.98203125 0.4125 0.0359375 0.040625
2 0.39609375 0.4578125 0.065625 0.3234375
2 0.24765625 0.31640625 0.053125 0.1734375
2 0.5125 0.26875 0.046875 0.06875
2 0.32421875 0.396875 0.0578125 0.2703125
2 0.5828125 0.3046875 0.0609375 0.08125
2 0.28671875 0.29921875 0.04375 0.1234375
2 0.65546875 0.32734375 0.0546875 0.0921875
2 0.23203125 0.5015625 0.090625 0.159375
2 0.7984375 0.36796875 0.046875 0.134375
2 0.465625 0.5296875 0.090625 0.375
2 0.95625 0.51875 0.0859375 0.2421875
2 0.36796875 0.76484375 0.1375 0.4515625
2 0.83671875 0.39765625 0.0734375 0.1640625
2 0.72265625 0.36171875 0.0640625 0.1
2 0.9140625 0.36796875 0.075 0.1875
2 0.69296875 0.33515625 0.04375 0.096875
2 0.534375 0.58984375 0.109375 0.41875
2 0.70546875 0.66484375 0.1828125 0.51875
2 0.71953125 0.28671875 0.0453125 0.08125
1 0.47578125 0.353125 0.040625 0.0359375
1 0.9609375 0.40234375 0.04375 0.046875
1 0.79375 0.31953125 0.0296875 0.034375
1 0.72109375 0.3359375 0.0328125 0.0359375
2 0.484375 0.2609375 0.0296875 0.0609375
2 0.2765625 0.8859375 0.24375 0.2171875
1 0.35234375 0.584375 0.08125 0.090625
1 0.825 0.33125 0.0375 0.0375
1 0.19609375 0.83515625 0.10625 0.115625
1 0.71796875 0.23671875 0.0171875 0.021875
1 0.53046875 0.3921875 0.0375 0.0328125
2 0.6953125 0.29453125 0.0328125 0.0546875
1 0.72421875 0.42421875 0.0546875 0.05625