2 0.29296875 0.44921875 0.06796875 0.24140625
1 0.2859375 0.31484375 0.0296875 0.03515625
2 0.26015625 0.68671875 0.13828125 0.340625
1 0.98125 0.4046875 0.03671875 0.03984375
2 0.3953125 0.459375 0.059375 0.321875
2 0.24453125 0.32109375 0.05 0.17265625
2 0.50859375 0.26875 0.04609375 0.0671875
2 0.32265625 0.4 0.053125 0.26875
2 0.5796875 0.303125 0.06015625 0.0796875
2 0.28359375 0.303125 0.0421875 0.12265625
2 0.65234375 0.325 0.05234375 0.090625
2 0.23203125 0.50625 0.08828125 0.15859375
2 0.79609375 0.3625 0.04453125 0.13359375
2 0.46640625 0.53046875 0.084375 0.37421875
2 0.95625 0.5109375 0.08203125 0.24140625
2 0.37265625 0.7671875 0.1296875 0.45
2 0.83515625 0.39140625 0.0703125 0.1625
2 0.7203125 0.3578125 0.0625 0.09921875
2 0.91171875 0.3609375 0.07109375 0.1859375
2 0.68984375 0.33203125 0.04140625 0.096875
2 0.5359375 0.5890625 0.1015625 0.41640625
2 0.70859375 0.6609375 0.17421875 0.51640625
2 0.715625 0.2828125 0.04453125 0.08046875
1 0.4734375 0.35390625 0.03984375 0.03515625
1 0.959375 0.39453125 0.04296875 0.04609375
1 0.790625 0.3140625 0.02890625 0.034375
1 0.71796875 0.33203125 0.0328125 0.0359375
2 0.48046875 0.2609375 0.02890625 0.06015625
2 0.28359375 0.88984375 0.23984375 0.21328125
1 0.35390625 0.58671875 0.0796875 0.08984375
1 0.821875 0.32578125 0.0375 0.03671875
1 0.20234375 0.840625 0.10390625 0.1140625
1 0.71328125 0.2328125 0.01640625 0.02109375
1 0.52890625 0.39140625 0.03671875 0.0328125
2 0.69140625 0.29140625 0.03125 0.05390625
1 0.72265625 0.4203125 0.05390625 0.0546875